38813
75745
11731
24898
11610
861
3109
442
85877
87831
19524
63849
58757
40567
89685
3956
71831
45731
60150
62538
83808
58654
33753
9094
14867
43475
52268
65351
2152
37039
44861
75299
92370
22787
62223
94613
32223
77090
8052
88627
38485
66345
64017
91532
43050
53862
71553
91453
19261
73516
22272
93913
22922
14885
30099
68318
92563
36109
45423
16606
65959
78383
24488
35084
15963
56861
60673
72633
69257
7900
65742
39844
88131
86297
1961
35882
64871
96773
69034
77682
47866
20860
60353
42403
75321
33973
88152
1972
75437
95797
54849
61211
78948
65360
60840
20967
87103
21054
69648
94557
53100
29865
4293
62688
27877
37477
55425
33642
30947
14450
47774
7753
2521
65219
48838
48583
3163
67717
61102
89114
75050
20979
59771
51469
90178
94456
5154
37563
29070
85518
65820
14236
64853
74402
50055
54977
70094
15975
85889
3299
83382
57054
3779
96109
95042
12076
20277
49807
55738
48822
15892
63169
60514
5164
63584
94113
42254
7850
40164
27316
78173
19472
46050
45491
78570
59395
14854
87922
4973
62863
42612
69446
7844
47790
89151
24696
58494
32381
92184
84416
14601
85310
66071
34682
24837
83206
34435
35466
96559
26258
93882
94376
1865
71602
38158
21876
40872
99845
41774
90544
54839
70725
52833
41675
96542
76159
32260
25326
4915
48416
26079
14535
57140
50310
27559
85472
36606
12307
13379
85120
87848
30914
80745
7799
9687
13029
71981
763
78019
18982
89001
70981
5557
36487
55863
11661
2550
30326
41583
88189
96157
92799
43844
38480
1330
50873
79454
78704
99647
75391
21415
67762
84432
62393
15795
34067
45568
28030
94864
21705
66998
31418
23423
20973
14287
45673
53386
58100
90076
13438
75605
6559
11862
41689
69742
60800
78378
99629
69060
93619
55505
55751
50298
64605
80203
39923
87696
95288
33826
13789
27409
53044
59976
79111
33056
23033
67884
47590
80861
18648
15812
96742
56294
22483
90590
18986
97651
57897
51048
71635
55406
25608
5311
54974
29070
83309
45594
73447
55083
95592
11348
48512
95689
50075
89156
8430
31720
15297
18518
69116
6169
71954
59412
48600
68911
65226
95132
45127
33057
12723
91789
32839
84146
18022
86509
81491
67108
82123
99269
30408
12670
6012
38267
63674
89289
14638
46560
8399
16782
58348
4100
16890
38569
74289
36052
73453
15254
27124
66271
34048
26035
58817
1884
1333
29926
39708
14811
78614
85788
4140
19449
9418
13663
631
87085
50117
62128
30058
8154
96574
9137
66056
37339
53008
59206
31618
48596
55483
29327
66245
43864
89298
98318
33173
72377
51387
75115
78514
89855
78
64818
93391
83205
91003
71519
80625
78462
26439
4735
81089
56877
523
78371
37967
34942
31238
26866
20655
44111
62514
89390
32750
64665
55122
8030
96737
34654
38816
90917
11934
17643
24106
81098
41221
43436
649
38837
76267
65115
45458
14119
39956
99985
37303
76840
69884
68314
46595
27547
53404
3291
75380
91588
55577
68950
32197
33941
66884
28263
87769
76035
37474
9195
87734
76086
83574
64176
37617
74019
11073
55863
45352
33106
55538
22229
10596
74590
95391
55484
87636
69335
66537
16203
50026
30878
34252
16481
22185
91091
47823
98606
86932
19482
3756
40319
32392
31839
86635
51668
29050
93640
71079
68510
9025
33189
11926
19453
36927
27878
21818
87025
56600
10117
30430
46439
4440
70816
16866
79164
79572
76262
35438
19650
93803
66500
22253
96025
27249
29363
50791
54020
72546
23441
12873
27003
85927
68563
11003
62084
20359
80
3078
76815
31487
76517
62123
19541
29419
26241
48201
73907
95313
78478
99886
89078
16684
7202
80253
18465
13747
98922
60484
17135
4541
64166
97712
7524
11113
58213
91267
68054
57265
15289
36042
8655
16762
77565
72209
17182
74482
25529
43324
6083
539
79481
40797
24908
98760
65639
54672
52043
22752
11943
9642
9761
54204
11298
31887
14071
44113
93166
62597
51972
73089
32734
56042
73097
35386
73990
80801
88042
31662
31223
46837
79092
80155
96299
58662
30340
47346
50575
88366
29947
10906
82582
42788
47778
3158
73382
12002
35190
16514
44561
3446
90966
28543
67346
45656
79570
30634
6667
95556
43489
11804
95884
45810
67573
30149
18178
83147
97767
78236
26899
82114
37842
32045
6178
6338
69394
84856
584
80306
92041
57985
83324
72923
9490
59254
32901
23237
157
629
11122
94009
90112
9352
33237
72401
21044
42188
39108
53803
1181
19460
84328
25750
18203
31827
33467
42778
66039
39902
94331
63070
75395
58647
7637
19672
91884
21263
96316
84232
98807
40786
55363
22284
58684
3870
40187
75372
71042
52180
43944
7300
52017
24297
75531
29269
64874
91119
5293
6312
5142
51776
52236
75243
65858
95308
52470
99034
88811
69849
64587
17368
82113
3509
67264
6344
25933
45101
85274
10758
79458
61048
99763
2376
95284
58635
83705
39845
15400
23440
65044
95335
20192
64653
6249
3895
55202
22513
77931
51958
77074
11116
44333
14998
62570
58306
41044
90284
44351
76919
44694
55163
80231
56612
54965
46788
54693
7050
38795
84543
16804
46639
43954
70615
79263
73713
20867
20638
283
41572
65277
57288
92939
64358
8748
93407
81711
15220
68148
97452
79738
64950
97578
24742
56848
52467
63880
88669
62302
63347
10757
27586
12924
60069
75403
49342
97205
87186
62574
50479
26708
94536
92092
73238
64286
9487
10497
66513
1272
89170
30958
45491
32137
60598
22891
173
56332
85790
54859
95820
95007
81733
86977
58266
5004
95129
62225
65878
77668
6056
97110
25179
37742
46882
86137
5650
50592
10842
84771
32207
48589
34692
80443
61775
19574
90539
55920
79278
98176
39943
71143
51912
80751
15172
61298
33573
8241
13131
65348
80685
49072
54275
82936
56942
84990
86275
58143
70346
32268
42657
95402
95490
99626
20814
15016
28328
79634
53989
94865
98182
89021
99375
85210
25290
24926
17423
24066
55683
45427
84330
90094
10295
31231
25285
94675
54291
90623
82719
43036
54200
63099
10817
75039
7598
83406
44477
60628
59397
86768
38850
9312
23737
4674
14040
23359
31332
88496
58031
45146
87340
30830
39354
62122
55419
15810
27032
54724
36629
20022
40785
94273
9941
44578
61414
3257
428
73532
13321
89733
99714
96610
11717
30070
26909
56030
52699
17197
31196
99359
36916
94649
48967
30596
91132
94043
46005
32507
25506
25594
88934
90830
87331
55048
58662
82979
50365
70913
64378
30761
7957
44692
213
51477
72678
54732
25046
10093
74070
48573
75474
50611
49223
67539
70071
26933
72796
67654
40445
55539
30785
5184
36273
40105
4862
86929
13148
44095
40216
62585
4514
98776
5337
16928
45497
64617
23862
38035
87837
6465
86730
5878
51058
30736
18917
34528
8072
37869
10876
87104
73191
6702
81119
53347
82777
83949
34052
92150
18310
69964
2888
43122
48795
69858
20972
26107
15511
28704
9201
41742
65013
52101
91086
53763
66725
28887
23341
7805
99297
53230
80765
89454
18529
51569
38668
3310
76506
25471
69361
4137
78765
21814
7088
67962
46212
18278
9482
84063
36836
41664
92527
80247
7778
38909
77444
24316
63987
47628
37750
76734
28626
4384
43121
44924
41907
26754
34235
76633
36026
69710
99527
41085
24085
64410
3863
24752
48063
29616
43778
12996
12053
80907
10381
7677
96711
74475
61243
95573
57518
63114
29301
62363
2196
90095
47086
99119
82034
25722
2112
79073
91638
78730
42052
91547
17603
55259
9407
74266
28210
66441
58313
6803
40427
88225
95310
56264
50762
61177
66075
90498
61504
61315
23819
66032
12152
93336
50316
78526
2262
8669
96258
59610
60164
66315
98761
22576
725
35887
28277
22680
9380
43895
89246
37096
32999
6688
7626
48358
89472
8401
66207
97693
37704
43870
16172
47432
89357
75004
87437
29747
86022
26030
31155
70042
28760
19822
2786
16334
78913
86157
46744
57453
2785
56211
68364
84796
23884
28306
38184
66879
69179
96835
54716
50428
65621
62896
46642
72052
39371
28824
27611
4256
67482
80379
94976
39746
27292
11160
67053
81327
5642
42872
47991
32098
35448
50942
20844
89471
30114
24675
93658
68255
28186
91267
70701
23544
72971
40859
44076
30815
48580
80462
95094
3509
2376
66158
99970
95975
46459
84218
16972
63360
97633
30915
53893
40432
16630
61571
47355
58828
7379
77376
81742
17366
46522
53753
35205
38572
16545
93281
37899
44526
18738
39619
54401
30432
53654
57562
46737
16012
50169
2706
31832
90442
10707
11547
60309
5797
6248
46187
88563
29508
72691
76189
19541
19712
33225
46519
17530
80753
28589
24707
5232
45990
19122
99499
93680
64312
97740
63861
76330
28908
26227
58886
21905
91101
15064
92568
19139
26206
9445
66176
47105
89742
42659
4694
56152
19325
42224
76187
31237
96890
43167
92965
78764
73490
77137
66142
22564
98897
63995
56695
41096
55085
6138
97977
91380
70288
15935
83603
36666
63988
77300
52458
85373
84923
18321
82055
42885
16855
21533
8610
16565
36164
70732
73977
86362
96014
83699
27404
30282
52800
12315
97987
21201
37981
62273
38093
11607
73866
65504
44910
73087
61470
42031
2752
91765
19247
21595
65919
58674
98765
92283
62026
12106
96907
72055
74229
7826
70790
75671
83125
93602
39348
50740
76403
50937
29386
11951
83485
49300
68444
56789
63283
9618
67212
58238
74584
87939
59811
10417
70938
17546
10789
19559
72494
73192
50287
3953
39547
86502
2542
6611
27329
24936
67809
15315
40766
15874
72468
26873
53975
16408
51852
12532
93406
96718
54767
86744
75608
71778
26771
70916
20842
75498
65790
57493
90229
14665
34796
4317
12173
2517
41153
5190
44090
60242
11550
21563
37388
57840
95297
10986
53714
67288
10675
11015
8702
65673
60224
70840
77652
69142
60511
16019
98188
90731
74690
32751
46292
4933
43708
86684
410
45377
98219
38855
89650
37563
57469
80106
60592
43629
13148
72097
16623
75542
78095
1135
49858
40457
59078
93056
4096
38886
35012
53093
85153
59343
30663
65707
78705
3386
59500
55938
47159
83962
18122
95212
92553
9849
98499
78114
86256
47889
9020
84690
43646
55564
31838
67691
4374
57129
90236
28550
82540
9124
4427
28470
59168
94647
65632
86267
28016
84037
69061
89063
58509
45641
55881
63491
53313
820
69820
75235
36752
5972
36683
59878
25072
49831
86591
89887
27764
19463
54979
62355
67351
27780
85940
74211
95541
84497
17648
40345
633
72300
14495
98600
84490
40041
23543
80659
10646
25362
67944
93261
78239
51415
37706
69164
81567
73631
76927
56730
48415
3894
12814
39081
23831
38320
67590
44308
78988
80410
26183
58690
80679
43421
82888
30933
15501
59933
85426
31203
78645
98301
51314
68738
69240
53206
65155
99707
4154
791
7695
88056
8760
34794
39137
13525
88435
39678
63204
11569
53605
22793
17353
83334
67130
19561
14635
19781
91969
64542
8120
66463
48312
6112
36854
63259
26149
51319
31382
2987
11781
80462
15176
45356
83216
14327
58178
70174
59794
63198
64890
76221
62707
88244
3057
36670
82402
41245
72935
621
97844
74978
92639
79048
13830
63486
27724
61244
63073
70106
74772
44894
52527
92861
83954
89763
3670
70151
18260
7777
14648
78817
97756
86709
33425
5862
96031
67739
83767
53521
14100
53659
55061
15262
98546
33942
61935
6948
31615
47742
68804
14462
27054
1200
48193
70215
94779
51832
14031
9623
70592
14150
97727
49069
38011
487
72522
36665
98709
6108
49489
61740
34890
80537
64334
65630
55947
71440
62087
22723
55863
39844
36347
35943
67383
94665
69991
86596
61014
27926
82404
70816
21052
62375
1845
20334
94909
93481
59038
49956
3960
72047
5103
92756
83666
5850
39796
82471
21639
69837
64939
78362
96051
86719
47841
14268
44175
89795
47908
41518
89429
85118
7346
9131
89971
11258
99310
91822
20033
6789
6782
77235
75961
82750
85025
19238
98052
87616
25001
58988
43089
13153
53688
40913
99679
11871
75666
97300
92677
14690
17270
95713
88573
76330
53256
47741
57066
14446
95045
82043
75137
19999
33922
16478
16433
58464
53936
70342
46002
79996
55087
11767
40463
59573
26774
51800
8559
65679
97831
62278
87862
30669
39338
37761
96205
92922
54851
85968
38945
29194
43097
85901
94951
91547
36478
8443
13353
73998
43990
85945
83263
3945
12585
95984
75218
83885
19870
88302
63234
70143
37043
51918
75902
40577
66348
30812
25206
72816
86067
17294
65455
85783
77040
33406
61335
23481
52282
21075
30761
24344
79406
44995
99492
37380
37918
23911
90331
45839
83472
44432
52495
8743
62604
38356
27208
8117
66079
14571
54546
7123
28762
99163
77304
15667
3522
41130
1153
28777
44417
45765
84227
73936
3462
31647
33812
19546
47458
65714
31637
65721
76950
65504
14557
20639
24964
15040
16569
67765
30414
83125
94668
48472
72966
85740
5450
30483
10946
35824
18405
15735
54756
30261
38245
11121
76559
84972
41602
99532
43202
3532
25653
2551
28043
23987
77093
20787
80543
47261
65516
51096
73981
72213
21564
80895
35770
37238
74999
5862
79483
3425
11012
74460
86084
70850
93121
54255
56092
60908
65724
73866
8329
89
88924
95620
47061
26310
47211
25161
51386
60488
49891
42369
21705
8401
72466
87117
45531
36502
51571
99460
61516
25513
33949
55014
67655
11449
76097
83426
3708
49257
52708
30649
25047
77963
59906
30606
6362
99988
20682
27585
38417
14500
50825
32852
45288
14262
88226
99644
70204
63098
70077
97380
48186
54919
7729
2615
72231
60488
63718
63783
47388
15693
30040
16224
53251
22204
47645
51788
21065
37400
14231
2061
29895
36545
28087
73449
61588
40229
89010
78492
47366
27397
56069
98685
77917
90517
25479
29017
26032
5212
8888
12555
4875
29841
30947
88594
25932
12251
22232
89689
25574
55991
82847
9196
96394
59637
45467
91917
14783
17132
85450
9792
6929
45638
41972
85817
2414
12460
73799
77514
52474
72923
1622
37789
28626
7838
31354
67618
97426
78893
49137
3578
32845
22423
10296
422
6995
12968
40317
89511
67506
11043
27883
31317
52665
42914
4489
68966
8504
60780
80121
75811
9762
95177
28927
96959
88699
92739
45811
7333
5463
92209
66268
75734
19283
81622
21017
91479
8401
50414
78016
71775
48721
60500
2020
49456
96817
6045
76860
58040
45041
77648
92841
94658
69145
10084
17295
7235
75017
97715
91546
39010
41210
52742
96425
85073
3217
46812
63236
2778
17562
85757
18559
64474
1271
62353
79110
68426
41820
17389
19012
32060
1700
7448
66646
55709
57195
83990
64492
43325
15600
5249
64039
42620
53703
89267
96248
79949
20574
72207
74851
81916
45336
84219
67490
32787
92230
94458
3380
43961
60232
65190
96862
36358
65671
73767
65692
87605
94297
35580
52983
54582
705
65447
3618
2939
62894
56629
1810
47440
27906
97332
31858
91926
35840
44876
21544
88425
14711
87467
8151
60017
31428
339
88618
7948
86406
76837
21445
73354
34739
8272
90942
35876
41061
44995
64792
43813
36236
39618
82031
38819
7996
54695
13413
99073
94214
73863
64983
63843
37598
88439
76548
57125
51625
4356
84831
20652
987
77280
46217
71691
2416
62829
61050
80769
4342
25929
21502
98997
69231
50267
97510
18016
32401
28900
67040
93880
94192
65322
92999
72256
32627
78829
16486
512
22975
94451
10945
21764
38409
40947
89390
14508
30101
94232
41676
65440
42652
52031
24329
88216
18920
3577
82455
33806
14158
47737
76609
50052
39419
64584
94603
36598
42925
99617
92614
81031
90996
53706
7976
73532
69902
93014
17994
4240
51887
58429
18989
22438
23210
31955
78019
37109
76081
49674
67824
41827
44404
44128
37551
42372
59622
64896
1265
42432
19682
60101
6080
46170
48113
12807
82806
69685
594
94014
66763
24278
38396
30611
53909
4636
19182
1901
63511
3083
4453
93819
8714
62067
39202
95380
13833
40684
90609
31025
51281
26560
96212
28533
31406
91248
71402
2342
88652
13701
27114
66853
54569
11991
31942
43185
36612
29059
44619
29108
81999
25845
36175
64387
19571
73746
85304
78662
12098
13913
19116
25150
57696
37526
48784
97984
38559
89262
99473
85938
17441
11947
67665
30091
59944
42372
13542
83446
58527
72617
60986
28045
56694
44134
74627
13099
68982
67951
91056
57596
55988
46568
99094
23592
23238
46778
10826
60207
55255
86894
44759
65922
76285
19921
72290
90765
49924
3296
32339
93626
55488
76205
23353
75802
74011
92619
29674
6249
16142
75285
95073
51014
47373
94439
37498
69896
57941
51627
96563
798
99751
67121
25914
98301
52339
95021
97438
63355
37058
12133
11727
35745
43162
19931
87205
90478
54826
9813
59335
50638
25334
59362
83707
81661
7956
22856
70269
37300
85487
78173
29993
75562
9666
37338
85536
9000
30408
46606
73784
60243
11778
44903
73509
12826
88708
91513
79436
50453
51323
72438
78274
15051
80066
32809
68373
3414
71625
16632
5477
71428
51907
23575
16001
71986
71487
27522
28759
23133
69051
55193
40616
19232
74152
79999
57946
93854
16599
82365
54052
73576
2403
24489
16951
76481
67252
4346
48042
72828
37032
80266
39271
94611
10791
50663
38007
80677
43230
18705
65470
38004
44172
80605
88620
9848
50148
26346
3841
5835
13408
19963
67417
94817
48132
66492
53787
60844
33913
12554
37368
21948
70397
86354
40862
21555
23038
99630
78458
11985
89135
10983
64476
42652
32921
83504
97565
13004
30055
45678
34429
41681
81673
5092
10791
65693
89815
76733
39871
71826
2786
61511
94554
66939
71065
22630
59773
27149
69650
31691
82254
83695
45350
38534
68043
229
89881
46338
64238
75365
23132
93474
54465
62661
76256
98142
48503
51038
70052
27309
86049
84290
19406
7744
61906
43910
64453
32044
41176
56922
68602
82982
13173
38519
70431
14026
49009
55770
94857
31628
86020
22151
69736
84893
70513
47494
14496
77656
75662
83783
96283
65514
78527
46162
57535
1787
29150
7815
22553
18390
52645
37676
25930
92500
17885
72375
60181
95224
31526
19375
88989
17308
38221
75838
91593
40664
52413
16730
13780
60397
47424
26503
65082
77258
62233
33643
25880
68798
24128
56661
82840
19421
43185
27877
67502
10506
1723
76869
87115
62466
33249
64892
27914
28669
94244
30749
7894
88444
21091
83470
57582
51629
83639
21666
24336
70050
40344
48040
64833
82136
88003
67344
9629
29255
84130
94293
64155
32998
9210
71650
62228
43418
86277
83136
40657
58256
77080
48393
32418
10916
6084
35926
2596
74777
71012
74049
26146
10728
54265
9096
73767
91499
51351
34392
23690
92675
81577
39644
96416
30234
14897
22408
24162
62793
30929
66962
65813
44409
84903
29899
64664
49100
10452
19616
57131
79078
8472
95515
77022
79616
61237
77528
64741
11947
56891
20248
64078
95715
86306
52522
789
60252
85122
93023
10711
43845
77285
59862
1874
8230
80362
79298
23236
62235
95511
76661
44102
29505
28807
72520
22731
10091
25750
2581
36024
62355
82604
31012
90369
62175
75933
15985
45002
83420
55538
92140
63734
70494
47684
223
81402
88154
92113
5913
14203
24448
21140
27201
88561
64064
62408
66029
85873
34814
82262
70950
24038
49285
91339
10036
10731
51673
3583
31281
59879
3414
23415
87492
68508
71303
6814
17953
43839
92356
99110
33771
31080
91858
39331
99001
36233
54902
92200
39199
45386
97547
12546
49398
32746
91069
16146
94562
45843
40848
36594
95431
4856
5246
12477
55843
11074
99159
21918
59074
35974
33071
37065
38341
7656
92110
70056
31740
16697
31933
84734
27089
11874
47818
47914
40796
4874
72114
6914
50604
95920
90271
32846
39354
92737
192
23663
91179
29771
19141
70455
27509
25710
13696
21235
88642
87117
96137
8350
78263
4237
57623
57084
52424
10114
95640
55022
61324
7690
8882
49581
85848
6838
38651
13954
61981
17611
84675
891
56181
44704
60329
14819
64153
82242
95255
96791
53626
37823
82929
121
60405
79683
16758
11135
68934
46098
68544
42480
31673
30258
70548
52491
71520
76770
57918
63588
82605
99233
37997
46924
3277
24399
24682
98894
68199
32334
82749
75245
47800
56021
81166
33361
94981
88232
85941
67399
73296
14828
13899
53138
55472
43211
21911
51216
82781
84846
90253
30685
56397
58211
75800
28528
43621
51394
15057
28279
50726
32896
55610
70058
1701
8361
66199
80992
43423
63021
64377
80544
63506
64030
52177
12010
49134
22852
89787
88973
30269
88731
47498
26858
66455
69822
3895
97359
85926
85180
77252
1790
68110
98589
52299
20912
8460
50710
46995
27014
70394
52645
95772
80378
38205
48289
7617
527
28468
72941
46566
60749
51377
19744
30262
80972
53415
58332
64004
55616
8821
159
70813
45243
12297
41132
96385
22904
24680
13721
45715
33038
16518
32782
69807
36951
69445
75015
53364
73094
35996
74121
92711
91048
90077
28052
82579
93751
73176
11038
34895
57812
55173
56876
12572
40150
7662
93587
85219
36872
6426
31764
52471
73561
20760
32433
48623
80221
79599
29006
29906
33496
28140
19647
27011
97816
18610
38195
22918
1915
50548
71142
25071
3093
55691
5388
95700
80620
83176
13409
24811
53115
87784
4870
86333
67704
50552
85537
6290
5960
2105
17338
21158
7506
22820
7226
96972
17702
37505
23038
76415
55150
21383
41515
93242
13418
38744
51121
68328
78057
3406
15203
87866
14380
44903
73054
28644
12283
73095
43922
10610
71336
11174
42
47631
65984
76189
96231
90133
36906
57719
88405
12669
47173
38524
24196
4009
44893
13640
29530
26795
77390
52238
62844
93423
51084
49240
15686
60456
67071
66626
74789
65178
62818
82633
16486
55842
60956
64530
55433
4217
27513
70899
88454
96194
48711
25261
41881
33404
39939
97872
38876
36065
49486
88358
12734
80711
81423
2302
89409
52912
79158
14919
70941
70254
49835
61184
1938
36232
74845
67816
13455
27057
75274
10734
42449
44729
71393
72797
82832
97196
5369
99695
54229
84216
302
68377
58188
31913
56247
65584
11811
58647
98707
70107
60262
82130
56847
616
84385
38503
69173
82016
9862
36241
45444
27567
44660
22977
89390
87176
95699
71450
10771
92994
58188
96785
16428
56728
84382
67240
21950
59638
9582
24917
7931
26392
66344
60883
43151
53866
2542
23890
36941
32212
87329
29667
21243
94330
34824
33254
58560
91253
21577
45372
5686
18349
13184
86100
72980
97200
33859
71165
72805
26614
38337
79819
57065
31254
58371
93420
31201
7828
66548
3881
33866
37328
40862
13992
66384
68927
81513
96869
22692
81446
60226
859
76405
69513
36463
13605
22844
49740
69401
31114
67098
43993
97439
14656
22964
70080
73972
3030
25982
85009
35024
82005
80581
64711
80482
42669
90971
62503
5725
96224
25348
61671
11595
53500
17287
41252
77492
68320
52460
82422
29253
33358
24853
90478
2830
72473
71400
27144
85426
36255
10227
59172
69393
90094
84131
68424
73334
47605
62066
83369
17232
539
77811
91202
54414
94062
31528
88499
40128
96383
77974
21283
8042
27850
20162
89003
25214
32957
68525
14971
90308
26068
83442
63911
82771
32844
54270
4946
38240
27172
7692
59017
64589
60020
14397
64262
11356
69299
54338
80768
47721
59256
96045
1849
71210
58753
82464
88447
99603
32736
17773
91902
48378
5277
16239
12592
6994
78672
78418
66421
47709
36933
33619
97438
21574
3261
63540
14206
20798
42279
37748
56128
90277
13149
59823
1437
95417
10424
96185
35555
32391
73411
11345
21819
90740
30792
20090
62945
31750
84044
86542
83849
36638
47781
13581
81884
45057
5575
98977
83659
49930
43926
11484
23321
97661
78617
99445
69813
25368
38402
4956
40932
24838
22847
11853
2735
45127
30676
47825
38284
95312
11847
202
33977
42394
47607
74127
52987
49078
99719
21959
58561
52642
58662
16825
37558
74070
85075
62452
19568
33468
71318
25333
70976
25164
43925
27823
84423
27695
27066
54434
98829
14394
56976
8791
58918
671
23762
29878
41782
55264
47502
39969
37579
66907
73788
27098
59177
13566
60650
70522
92322
57884
12619
8489
41623
10782
25111
49703
35550
16795
51857
91727
42310
81525
37652
81854
648
18426
41995
28375
12903
24341
27154
12239
37762
95711
77853
3266
15012
35605
41984
29358
1482
67813
33231
58066
26406
83859
87947
84609
68685
25863
64346
38077
3128
17531
26337
89515
93467
77215
30910
46800
65018
84174
27106
39092
31863
84425
84601
37833
29298
15192
18592
53110
84501
44086
64372
79506
2909
79429
93402
88376
34918
80685
93487
56838
12605
64464
25450
83685
77891
31489
99477
67006
68907
37069
92272
35879
6677
91745
11619
47399
36122
69274
16927
36973
50572
96604
10708
61255
12551
11711
3840
76200
51416
26292
21851
43189
49243
91637
51096
49653
6005
75488
25728
89052
43767
13934
42088
5799
53364
51126
93980
1157
5713
95348
27149
72747
616
24829
42995
36795
48561
15596
26175
2685
32930
71857
78592
73207
3709
66234
37801
64112
35590
83423
83121
53885
74675
93347
43954
29074
90571
24116
89115
35199
9955
22093
75636
57879
71299
37774
90945
66086
96465
35766
21220
87734
2607
93929
51324
53709
88588
51504
53143
7480
90963
95757
78479
6477
13380
17650
44486
40168
3960
12152
85948
24363
70776
56522
42582
88768
48121
63436
734
2503
70915
32399
4237
46400
16224
79916
71417
78208
88670
35958
27505
2324
99979
59657
2573
53574
45308
43590
92302
70280
42522
10446
70234
32003
22508
29439
55869
3206
76942
91970
48906
76866
55351
56125
95797
97995
49777
41409
77777
86690
77415
53506
60827
15209
57714
7554
51160
21587
4347
22268
87192
51656
34503
87727
98135
86706
37088
39652
49335
70137
66634
3548
77900
99885
4831
86503
33556
99485
98973
34035
3519
67681
34982
54526
65987
54931
5835
97683
60185
99232
57230
26732
4551
40208
55802
93413
33329
70249
20880
36329
22496
2220
26795
96680
1942
85352
78383
50187
27481
60262
1151
45735
98238
87864
5576
81595
32634
71661
67522
12063
28206
34960
94534
86203
4707
99209
98000
29193
46187
21562
82469
16182
8172
45137
2357
38949
1334
7647
35913
36524
14193
89444
27312
28731
26135
40299
33050
88648
48682
43306
50735
31420
41966
1779
27667
14998
55670
43332
88533
96948
70077
19870
54751
79295
81244
22126
62708
64225
92776
45772
5396
33774
4549
50117
26547
42987
89530
17042
98281
30146
47896
58250
84391
95884
18317
78284
97804
39652
70076
37611
53230
47398
87122
8324
23937
71409
96338
50010
675
1638
61212
16835
11848
47348
15228
64483
17781
92318
11299
48795
54440
59300
12555
17409
64143
26096
90101
39689
52259
37949
15154
99283
38327
54316
79462
19812
46769
44177
3712
36177
31585
74054
28846
3853
19911
24337
6862
97750
29551
40988
29098
24921
22947
4260
12389
16001
58041
5029
94635
72945
17149
38871
71092
40370
7529
13939
42225
46796
72099
66520
38729
92737
36097
97042
736
76694
4833
33850
17471
97745
10418
44778
14954
2639
13289
12835
61249
66146
33673
13195
53606
22104
65147
50622
13196
87823
89141
66961
86636
91412
39770
86553
15737
5594
71539
37195
16333
70588
18082
51641
52994
14518
25385
92090
35970
95801
17805
63541
50047
51901
19672
54931
34475
24317
26794
12723
28332
76821
15101
80220
17423
23989
28372
26971
57615
69762
38361
90574
66997
42399
26735
22091
56151
42208
94539
5578
38594
73703
48825
11982
30769
43748
77974
47993
64492
5518
10481
76332
59748
37117
55380
93155
40021
87255
91005
97846
60631
64447
98505
72516
5360
1464
35074
60530
40779
30320
95168
76456
85299
57173
59696
770
76242
20268
38354
5164
71682
89818
79356
36005
8835
33195
36694
78129
3462
4395
56312
58575
72512
53875
36626
93228
8411
90223
97636
11656
64210
10310
5878
63188
24189
5496
10381
59035
26418
11506
57612
88677
92810
27913
85431
19548
18899
52008
64870
17825
42551
28458
38680
19459
40891
99629
53596
97260
41910
39240
31780
50831
33022
433
46121
24969
26462
36546
87156
22408
9504
11788
37313
88743
50478
90833
12844
93880
43794
39426
59943
1373
18913
21571
10586
21480
27218
77
16837
85880
45251
92979
31997
99923
89017
45572
6741
32198
45937
92008
84668
10297
99080
3211
9024
12915
81315
33136
1891
3321
88043
48334
57785
39009
75389
40960
38921
5031
86294
12578
70202
60944
46346
95132
83828
34678
15855
64184
70437
16024
93009
53590
73780
95300
45212
23276
41568
5000
61821
18192
64525
27961
79441
80454
45011
47120
82093
47840
27401
95215
9694
50985
74715
33038
26019
30131
43099
86647
27438
502
42918
81115
51038
36337
47719
12536
30381
46580
79239
16084
51852
61087
11640
48496
70316
40611
68032
7029
25947
10354
79705
97974
35635
45166
44052
29012
24198
26636
94235
74555
27978
29603
62503
3760
54724
37589
792
53542
26721
83881
800
38211
60612
70458
30447
40282
59373
96504
34535
6161
19195
91990
7751
2692
66817
32620
55892
23771
35874
29379
30472
10216
26408
99210
1789
68998
63953
459
32283
76836
60049
97026
87807
54252
54748
20368
66073
40297
77883
97661
89638
22545
29579
50835
79521
77817
33252
16995
82897
17437
12319
88301
57603
42067
56737
17009
11211
53518
64380
61712
14640
70268
35126
84709
25225
53249
80629
78148
87125
65326
51334
17028
11029
75418
27508
65281
62474
59479
41226
13555
81607
52008
74872
20445
17516
68418
89736
52624
42060
98890
85584
60553
55454
33538
91767
9541
74966
72738
22760
61287
68382
55295
55000
18633
22539
86264
4582
24407
20277
12089
24195
8269
96582
22933
96151
79316
76958
8171
34850
20459
77247
34580
32661
3180
38519
78460
11188
93456
16474
1395
86072
44927
84
35358
76698
47085
89970
10608
45801
69337
41668
48762
73466
9770
81809
10694
22266
70107
67869
94932
9844
62010
67967
83221
66649
16809
9473
56941
69355
84070
59493
56148
9373
30795
43713
55326
55631
14036
80769
43262
86495
51128
13214
90182
24300
87719
11476
2367
24181
3396
48163
65639
64122
75433
87126
78396
7834
74023
93214
54875
44539
99878
94399
97205
4073
36084
3804
3557
90372
53721
69793
35793
11248
12881
77256
57408
62448
86097
16702
7232
81420
13910
27991
38171
5260
65260
92214
50656
82255
73739
42324
57936
80656
52244
12834
6378
99659
68646
25684
43201
55051
75834
7129
39633
20981
60192
61007
6361
54599
23790
22357
82216
65177
21143
27488
52503
4326
84451
76681
97627
92395
21328
29097
61344
81835
6312
48152
72352
18580
12733
37708
36560
36971
17709
6065
84500
91896
77814
91731
54814
81308
98766
96616
25232
84024
59607
5040
59114
82632
4078
75880
53324
17540
23410
55339
83742
90836
82679
40776
45829
55882
40311
28996
87470
1775
77900
8831
93363
90319
10716
1219
90564
54855
23854
18660
62136
96319
59359
21000
36156
6891
1749
6305
19867
88779
38151
58632
52927
47266
23467
48961
94733
59085
94909
49435
85233
78501
3159
91385
59241
87991
83520
79521
47654
2962
11937
2322
11857
90031
23713
20709
98830
5557
57278
71911
87543
42326
50101
77147
60920
82723
48281
8017
97120
59845
46378
747
43676
41859
85387
49092
57910
97039
35248
31441
62296
43959
17441
27116
44495
60785
84750
91649
16927
43787
44929
1582
10652
24534
71915
49804
56544
77352
88
1893
67384
8563
57073
94613
71355
63435
47683
17088
42035
76382
61991
34075
74323
19557
90125
9803
98674
57769
52012
50631
6006
90316
90492
25220
96005
37936
71119
54714
83468
51729
8241
62351
73970
10603
36307
55999
58198
33468
39442
21462
83772
19193
41511
98995
74279
21228
90130
76868
28937
85044
67374
9615
69184
62971
3650
28366
32998
65375
16228
73510
12954
84028
58611
69459
47279
4019
95124
13903
34831
46085
98688
8504
28297
92520
6113
38552
87944
84096
79516
59421
81977
54335
59692
80239
47633
49529
61374
58855
95956
4695
45343
58388
79404
99950
82478
26175
89986
50120
57691
75493
97936
29340
84555
28713
41444
65670
18632
26694
96627
9324
95375
19402
95912
15311
46988
9723
34631
3836
84786
91824
38910
38425
71367
47259
74019
79038
61607
89452
10007
92335
89640
66787
97139
18714
86499
73811
60907
40929
49675
45195
63189
67655
1551
33841
57512
61109
65869
88159
1279
39315
62482
6075
85407
77643
35534
50383
38844
51682
56891
50112
21060
82722
55133
42953
78647
5359
35018
2573
40176
62803
84051
64302
16137
33148
21840
56940
35810
28586
73593
20310
42472
34522
68919
9004
56888
72283
97074
5951
47002
88111
17832
28010
71013
78207
29625
30639
8161
66400
24118
92844
28752
70048
60078
94232
93354
61496
56844
24775
85958
96803
73448
46006
11070
46147
23317
94448
672
61919
21776
5841
25540
29271
26839
13292
37656
20520
21346
80347
2547
49514
98366
96690
42732
5790
31877
40057
90722
2899
10041
61520
81471
59682
86792
91971
80389
5951
76273
32782
32434
41491
18300
93119
39267
71369
62989
52931
83911
86225
13394
3074
68781
21670
7750
77107
75055
89490
79156
12395
22017
7320
19218
9383
18631
31471
38562
37127
84049
8430
15691
40478
98491
4573
43763
78371
32359
94250
56836
60287
16855
4186
81334
99974
93889
9330
4568
61871
96899
55750
38215
15008
45490
94855
93129
18461
83300
78330
13139
87764
452
6637
72424
27217
37684
9883
62623
35161
25776
31042
7122
88217
78963
39264
17912
9432
75159
88790
74740
33826
12503
60632
57343
20820
92066
15361
39158
14166
24975
15399
91765
95832
47489
59773
46867
52164
58274
38786
55845
6947
15540
20677
60291
76665
37453
43571
98204
70243
178
5932
70746
74597
96692
62198
23620
61972
35431
53119
30829
68837
23366
47499
37964
73521
76535
56950
96185
30606
99460
92745
57748
9241
7887
1841
91753
89188
87573
24886
58524
28849
47459
78066
203
89313
76589
24790
82263
46054
87437
64691
63261
33435
78523
71683
24419
48416
537
36482
29471
55638
44115
33750
94927
2956
4891
20072
39861
1918
6060
1194
67139
27021
13882
36998
37680
81379
7769
21463
24476
81379
41291
83247
72070
71365
61668
77350
56011
77815
10566
60657
56791
55313
88632
86598
90962
71157
11950
67372
82707
16530
64626
9718
7948
40322
40106
88136
89423
33298
556
75266
46080
44496
83502
99085
80274
74153
23127
83176
41944
53051
27064
46030
78228
48064
68683
20464
76475
92261
1078
84792
29614
77394
43736
56275
3981
12676
22349
98733
13096
6359
86033
63096
42176
18655
30156
52018
91469
49024
74561
75969
83053
67464
56928
85396
538
39437
9483
37729
61108
99875
41145
54356
75238
27461
3940
13822
147
67039
29517
11840
69070
33190
77419
31365
15579
42043
33374
3226
21717
43480
76694
81403
46303
28324
88587
43580
6329
98339
8297
79289
28177
40366
45446
7004
28987
26531
8249
39710
42378
64085
43487
54748
82622
42445
55180
47187
26526
55629
2346
60336
76136
74469
48088
4776
12093
49182
5351
69416
98014
53566
201
25881
9456
199
94201
81486
8101
69068
92922
20927
77644
19117
13379
30633
43097
94837
33113
74060
54856
74070
16617
2982
91659
40894
98384
11258
10752
28036
46223
13955
67533
16647
41090
33618
22240
62289
4207
91735
94191
61170
80471
64213
83634
97217
23870
88544
53673
35555
3432
5147
16522
27922
46128
18965
71586
62414
31482
33745
52131
8163
87084
6412
86387
75909
50167
87755
23954
7452
95362
50692
42358
42959
91804
1905
47959
94712
37151
52822
82187
50534
83971
33913
68031
74793
23898
57765
93106
61911
78337
19121
55077
36832
85798
29263
26985
1324
46596
22316
31233
37984
73111
20798
83917
46968
96218
32651
58222
73234
36467
39397
59797
89049
82697
45044
37260
32630
37912
95010
60231
94720
94920
5793
97998
48369
36211
53128
91833
26890
5090
60748
40666
94769
10498
45930
18369
39372
42667
34240
38750
92452
21712
81957
15328
16659
95892
84914
67408
6160
32823
12288
21013
12871
28320
61877
84307
95159
39568
53766
89780
92766
58335
10819
67724
62169
75019
42651
82098
59201
70361
7266
92230
9958
83383
33443
5159
72040
714
57284
79008
37232
28857
15501
94421
84473
34836
24195
36095
22673
74799
71354
63287
58032
2653
81575
80273
8731
73562
85153
76721
99345
37289
26731
12153
15820
93596
82329
10775
25923
64840
25021
49095
81885
70651
69805
41270
64678
8091
17808
44811
47355
69288
58676
99829
52857
19701
30348
60620
97341
61803
82595
65182
90296
32167
10117
21737
62732
2678
66476
19570
68242
33427
58652
67363
70756
18953
50500
83615
9676
31727
26130
39180
9367
78211
5650
73991
31056
15901
52739
35927
28491
73644
55
69363
10514
96574
74248
82363
9442
51711
68059
60120
49454
29350
68996
10123
43808
89614
5040
35995
1368
78866
38519
40430
65488
6390
90183
10214
3894
10371
80952
593
26197
12956
1097
6813
59502
86576
96085
63379
66467
63042
57572
35649
92924
10815
55183
37191
26774
95459
89561
4455
50253
9970
84456
29798
58190
20421
27895
46115
83680
21318
99200
43580
56301
7593
25876
74166
89831
8241
49963
57951
55234
7391
98423
73332
42013
21933
39735
7128
22108
22918
39178
27162
87108
57065
74986
80340
41514
55715
49218
79072
6741
64200
9737
57068
82964
38166
8526
90305
863
19983
80544
89411
69764
79244
14495
90700
85064
64403
90573
43781
70514
94315
20699
77772
23676
39842
35720
37483
47993
20678
85750
85225
78447
28939
26531
27131
78020
24195
96796
6023
94960
92792
846
7513
45898
26758
42997
67193
10665
45218
7864
81684
4212
67520
71601
47480
79621
97499
49917
81221
71635
69996
22146
21904
66751
73977
90743
17282
80278
8488
24732
22752
53398
30142
95362
45554
22608
37694
8549
69188
25764
42340
19386
82031
99214
51112
55994
48346
21541
36984
75863
88364
52775
95949
56134
84698
48423
6521
7052
86257
83975
21003
69866
50862
61933
96929
60161
49319
32601
15810
68911
74681
61064
66418
64343
52866
70276
56976
30103
22822
55957
78699
31987
27773
97673
34641
25474
95873
49413
21249
74696
83476
29509
50900
24553
89934
58455
90370
96579
7272
44445
46130
91970
44816
14148
89242
14063
48113
67654
22448
92010
68492
90018
94013
56194
2530
39945
53776
6940
42350
45579
19221
54732
90382
74683
62281
96880
53829
50022
63327
54537
32830
55475
26899
85316
39269
31376
66706
8708
57637
40132
30252
88862
16154
2334
75914
22189
75618
32843
86240
56610
59596
96613
79622
94710
7661
71062
45388
55773
65710
71140
31469
44099
40990
30222
19658
46066
9869
7516
61546
17304
80166
45365
65825
52150
65965
86404
76094
44213
4886
44641
35288
69722
61543
83005
32964
51568
91225
85946
32959
49130
22085
98150
718
8212
41922
21180
26587
9576
41777
78172
10102
15325
6744
43615
99342
51806
63582
53640
33209
41569
82133
41316
62414
36691
81507
12128
14912
29071
29638
72899
13633
60428
7050
37412
86339
94159
96636
60222
43217
87281
5527
6903
68894
91757
17061
80949
70496
48579
84078
36422
83915
74496
30600
85219
51047
81953
23399
55226
26275
24711
95158
89775
14504
34499
53405
38094
46989
62126
9565
28383
98427
86133
1860
90801
21839
72937
10526
31453
16919
2840
24206
50407
77828
2869
46377
43469
37985
12793
45888
72752
91284
58073
61293
4892
25038
92644
36283
50421
80263
83086
98172
65028
14577
99259
93488
71607
55811
10858
9567
90646
45818
1258
18303
58189
80596
79690
89605
85123
9556
50466
40002
21484
28638
29822
67218
47144
40019
36765
522
54472
48106
97067
24706
93024
33475
48881
37093
91322
32787
794
82816
69123
34850
43093
27949
67509
82179
29029
73258
12555
56318
67879
19855
77772
61528
18616
86008
51227
68502
47729
32586
79664
33861
14211
23470
97937
83164
17451
49981
93683
13449
72980
15823
52526
37091
12688
31890
51295
95708
63545
14875
60114
17500
39130
9472
68295
42987
9251
92244
87822
9588
19601
38305
58962
13852
97806
73394
8767
95480
78442
90439
56109
71963
2188
49938
69389
20036
4555
45646
78821
94463
61442
22645
82583
13331
7166
70768
78272
25052
94848
2113
61083
87502
97494
25803
36130
31994
92429
58127
18909
19711
2249
82107
77447
66327
38688
24724
43632
24097
60193
88182
8928
18057
4341
12453
50087
80407
62059
26221
13141
81476
12672
98837
36020
48778
54795
73621
3748
88695
54535
27596
34789
8530
80772
79611
713
66081
1215
59613
70473
38391
86608
75419
15211
10263
83675
2545
23469
14512
19037
90579
9175
60644
27982
50152
53486
47221
79019
71107
45443
32319
20584
40545
80519
55579
24825
13182
66807
40921
73946
56655
28342
74537
43272
52273
16966
84828
93569
63267
42785
4512
37225
98410
60851
58256
5872
15246
76575
74356
51989
34595
74900
83065
7033
40157
6228
54910
35907
25322
19000
94014
14921
23533
56788
86939
78428
8397
326
63431
90282
17046
57027
59729
76086
36397
21815
19743
12124
79303
6084
60459
44616
8716
87640
34886
4469
37938
82065
47443
18036
63706
36059
5079
40877
14974
47732
63613
13400
25644
5268
38708
11051
40012
29627
79934
46279
18177
95830
45329
29840
7318
63634
45912
69683
46682
56625
23882
66697
50090
11245
60188
60558
14606
94049
35879
63280
40137
94550
58023
75380
50684
1844
2954
52334
80544
18443
4991
83140
66058
16851
39063
54259
52699
41467
35230
98141
87276
10657
92541
43372
68497
45842
78210
94203
60772
32566
23279
75854
3916
49130
73577
11340
50622
88031
99116
80341
35303
21765
94872
87658
65102
32537
33057
12299
47763
21235
83966
35931
65111
3072
51294
17474
8773
18411
1813
69750
82110
2387
9926
32273
99548
1366
89168
85946
39853
73372
49959
88770
36391
74101
38872
12529
43084
28650
68269
55348
88263
9646
90940
534
40870
76035
81288
42416
15923
83536
94464
51834
9569
74211
70993
98496
22652
80672
23079
87861
4495
81413
83542
48010
60696
49679
43579
57172
45623
10479
64226
17605
55105
44498
27295
87847
23795
34175
30444
97232
8415
38780
12960
20207
66358
67760
57086
25023
34147
50827
95333
84193
5779
40986
1932
27921
27533
12831
16976
79250
96524
25916
12349
91147
99731
44746
94535
76097
24889
96739
79328
28182
95070
48145
4071
70908
39679
74974
61024
23130
16224
46508
66838
6711
7550
96852
4646
56512
84822
78858
28084
53064
51560
68918
67414
52531
97790
43524
41369
16442
6885
32274
29202
10124
55057
78744
34467
76818
28162
6391
35033
31824
77458
26551
55544
22180
79195
30380
26060
92975
16165
20419
29285
57684
35442
7233
98950
94697
10683
5875
74851
45773
88964
23994
26568
50359
13360
42274
15788
90272
49179
27468
96208
39582
96111
97378
67418
98273
58426
65690
57675
14736
79055
17048
71502
46201
56331
50169
97175
10618
32788
76337
71883
84471
23452
28853
8460
68446
48281
75306
88749
71537
10044
87514
76023
91121
13925
68864
12332
17125
96854
18071
34059
40005
75890
90312
3652
64029
93512
30100
47029
40722
76904
40989
6647
11379
31464
85494
97342
80687
18781
23356
78610
35018
81228
73104
69072
16168
38809
23724
48249
86604
84775
37756
35929
99774
75892
12167
14725
81982
68104
58788
44669
5369
33331
48238
23936
47873
52990
42999
10400
80315
83634
73282
96135
79504
59440
62869
81692
37807
73115
32746
85886
73145
5263
28482
23511
46619
97966
67985
83254
1239
56934
93220
34273
46539
47785
7015
57262
51548
1138
88212
20142
29113
40706
59583
85342
88506
19334
98644
24055
65863
27616
14687
56311
6914
48930
72613
70489
3768
79283
75836
63077
99370
56272
23503
30731
31358
82692
62986
26385
4811
61046
70616
55994
62157
65940
40654
72822
60005
39165
75715
84373
49822
75526
30839
29771
6138
63943
2083
57028
71989
1136
87274
20743
97927
41301
24378
14493
69976
38511
2537
44373
89339
55507
94019
90136
73893
9871
29707
51933
83299
97285
597
12954
42463
72021
69964
37590
24917
43521
44795
77884
26293
66813
61202
56456
79536
48471
46712
17613
91404
37141
74017
28915
93503
55028
6775
58475
4326
41428
38607
69092
36560
28235
8460
97991
56528
26057
60720
68880
80688
89463
58766
55391
1945
77667
49923
3937
38559
8841
8049
62000
3352
9288
48058
19856
47088
66234
42126
57251
14619
17779
22090
29678
46451
65262
53316
81025
20348
41979
13635
7563
48041
76538
74059
92757
872
13897
55530
5677
54105
2295
38117
25744
99681
91067
99019
7919
16541
81552
4976
73950
53896
47804
63041
23945
50925
81911
36049
39655
26338
671
78013
74656
30613
41026
80368
95845
90635
81822
42827
39624
27181
59254
6189
74106
63340
62532
69538
69111
36743
29353
66623
19035
66281
46873
32540
89574
94376
54445
48618
97971
89708
57004
32808
56490
67468
41242
36725
2509
11794
89868
29531
13672
36356
20931
44314
15072
14910
17676
14142
94425
92342
4927
10297
95554
95141
46547
55707
62760
38323
11628
16526
28198
39397
37103
63471
78824
28709
56848
99408
56061
23621
32731
93382
9178
54743
12613
87814
70639
9752
65365
37678
77288
96530
14843
13753
75914
99805
41044
63256
43623
45919
36258
66925
66298
65632
98400
77940
19441
23125
5479
55847
17577
4342
21982
11118
21808
99401
962
3325
58884
84067
25126
5522
99040
64439
2699
1091
61463
98230
51020
3580
38483
36825
40702
87216
92162
50092
34628
28897
6734
51644
47964
96146
25738
84847
23296
17357
26496
30728
1064
80715
77757
7471
7852
29098
22972
25907
87898
10320
27697
63885
96949
7698
55678
56207
47002
32395
38085
13217
94518
2622
15232
72620
56740
96414
72552
64408
65455
56816
29157
46952
79700
51312
42062
90408
63487
50878
50965
7791
78616
11852
68583
12898
56854
22895
73255
25597
12412
57467
78130
51041
14648
88316
22373
78982
6946
72485
23208
14908
73063
56153
68247
11252
28954
96769
97498
43762
20363
64689
19429
98234
91677
20183
62902
40091
38754
85654
35
64387
39525
44510
5620
40376
46037
74591
45012
84175
63127
15019
4027
40273
2410
35056
46344
58950
79787
3308
17886
46007
63997
37242
28511
88275
47992
40233
63212
86435
95089
35881
91900
92675
91398
58168
95143
41655
64767
97557
12484
47481
14504
43337
85409
48191
38046
40005
3258
80723
59735
17590
98881
33146
51651
27432
34214
13182
41712
32036
78051
58908
21196
54639
16057
51401
83202
77423
12954
54868
35747
92683
7625
77216
98389
38989
38709
99229
83904
89905
46706
25959
55566
60865
71470
46976
93567
10554
97644
2501
48051
96100
30088
28144
88380
43126
68130
82137
62334
51944
51624
16402
17787
30852
70081
72664
11997
73781
21975
69904
69498
16837
99476
99932
40337
14222
67589
21465
79745
65292
16658
17439
18643
77700
54178
63577
42805
16364
48305
18489
29190
68207
20132
84499
77717
94293
33839
81097
44906
7850
11341
13270
36431
76704
91715
22926
61149
94152
63232
62763
27623
30234
15397
33025
38514
99027
4996
28031
40552
40135
83829
63949
66333
68350
84102
41864
9349
25142
93269
94112
39833
83491
27996
64207
2914
41180
88641
14371
74818
51029
4502
33278
14238
13521
9994
13446
89277
6480
35989
81253
17
75527
43546
98912
41543
91000
539
74706
36763
42992
38320
391
58999
2367
25206
66236
44286
20268
5493
3053
12979
69621
34115
20964
6615
58820
42695
94675
98040
16557
76437
57054
96271
25590
53106
2262
73664
6162
49697
70906
66106
97487
42474
78340
1576
97753
6348
89330
27632
42104
48502
9747
77261
65774
95117
83999
75341
68026
12155
28535
40930
32177
37008
75707
87965
39630
7502
10215
7439
14212
86909
21411
14889
79884
78115
30085
63150
98386
35372
62036
60570
7814
43801
44410
3736
947
54251
9363
13655
69491
25986
36063
54009
68988
90139
87991
97752
44455
98741
79725
90609
47620
26420
71254
4502
61759
70329
62597
44659
95611
314
55952
15332
78494
25822
64993
75302
85049
3481
12258
41381
53042
50784
84085
80183
34613
37596
23588
55894
3533
53545
92185
44463
21677
96652
20346
4914
66662
46376
55296
68619
30784
11969
78408
94953
73078
66880
63924
16251
24709
67507
636
50751
51657
11119
87429
4873
72580
91529
79056
17667
6977
91075
92741
94530
85467
25363
45953
67334
56941
68998
51575
52393
55625
43926
67089
87070
39364
13286
44894
73378
44819
71359
93251
11959
88982
75806
33100
90102
12347
91632
23262
31819
94359
5277
41768
20364
46696
68964
73372
28033
67805
17129
33559
52374
91102
23631
22729
10084
87084
52879
91167
34893
46039
58903
63392
40750
9467
96680
61617
28164
78915
36054
5082
62
3910
71769
16049
8993
33779
94484
41702
90059
31624
81447
17610
56630
23831
64305
67185
36947
42498
3805
51639
61750
65297
65178
24677
31673
62447
29587
44977
53647
29750
30347
37340
43841
50185
7497
79810
28445
43485
94268
91891
57715
3236
54341
46380
38206
56317
44872
71917
30321
36755
23748
33680
40360
4527
80489
94165
66910
2240
61956
15451
46673
87423
78597
63684
30973
44507
26488
20651
28996
77202
3398
14554
85476
78400
46522
28366
92644
21292
70121
37892
83984
73957
58284
58724
57215
82354
8675
75086
43855
41515
32600
19079
95107
30287
12494
79418
54663
57666
68980
25915
49825
1374
46133
45496
92735
99955
34044
88011
71389
4801
48534
33689
80981
63757
11224
35656
74214
60431
27322
70288
36367
81306
75044
26164
57676
85161
55831
80003
95336
63682
56716
43113
93688
25591
18880
27070
77363
13796
68866
28121
78768
74840
41827
69112
4514
94191
71827
1438
45622
26759
37477
51249
18491
14587
99177
38115
96734
98687
88356
27843
21074
70180
6839
6567
14496
87869
33718
96178
85234
4170
59951
47088
31857
17647
78115
48082
71673
80583
45526
31201
48397
57542
80426
54444
88126
45123
61907
13963
40260
61840
98071
98044
46783
18738
12161
56873
20465
72823
93349
19484
35423
52207
95606
24724
12229
96890
89403
30574
97762
92989
77018
65999
20498
68913
71286
70985
37028
31557
41807
264
15949
5273
11944
35302
36804
83897
51417
959
34128
84613
44370
2035
31093
98259
93332
90916
59561
21609
3959
73212
20649
78930
59267
90107
33480
73447
40670
71707
13309
88288
94467
16409
64469
55140
23245
19563
91989
75408
99226
14498
4341
96359
8437
44495
279
77504
89348
58879
41784
14447
24758
62995
26065
77828
8775
8800
62500
27823
97443
16454
78184
78618
38925
76373
11571
1436
15884
17330
76650
10189
1840
95819
3714
76622
44263
24889
35781
74786
84519
34449
78731
73935
41705
86657
55860
57180
9506
64086
47520
45310
8775
82560
20727
70197
54852
76260
89703
44681
20479
13812
74335
50823
11543
2342
45855
89516
96873
92726
59760
95712
59198
15033
95871
83628
29306
44210
75829
7976
995
62464
86352
94578
43699
5834
47013
44004
40697
25858
73952
80940
41429
6848
1565
60127
38160
86056
61515
16980
1043
66378
57099
96944
34022
30292
82731
86533
21836
60854
8175
68521
47785
18244
89761
62921
62032
34402
37279
64313
4368
76113
64500
95139
41175
98393
76369
96507
58563
39459
34777
88175
76322
39882
68248
92044
14101
67404
55371
90658
39805
73
22299
45320
56199
75588
61967
40068
83922
13261
25818
48785
8189
46632
62068
22857
73160
70335
76153
10856
55144
40212
24287
72323
76186
58348
74357
86531
98026
9591
63299
54600
11896
3980
57083
42830
14788
63601
69738
59425
23675
77431
55023
59914
64489
55437
92202
57390
63552
20579
86146
42448
92201
83454
25868
28835
63989
33288
35336
57146
19156
28286
7338
68775
96224
45081
66850
45185
24522
42961
50109
59429
70913
30103
34751
6224
96974
31741
16577
2485
93634
35962
22480
87541
39252
44827
85032
24919
90306
97721
67981
20977
63490
22831
97835
11342
78677
27315
30668
13556
71566
36763
41035
46223
47741
80250
62630
69698
49078
13649
63657
9635
2798
77375
68786
68475
18877
32890
12028
48708
97771
63862
81221
97280
57526
50538
50086
780
30417
10563
40523
31340
35259
1788
84417
62609
36411
82825
5464
16127
70509
83832
27305
602
78551
19947
88015
97810
26268
78235
1282
15862
86716
37281
36807
27754
16988
96500
2910
83883
50975
18143
36445
81474
52739
31975
66279
23275
63025
87846
61625
10175
51215
51313
10253
66688
49698
24995
2968
19383
47284
86786
60048
78806
38907
87014
78246
38926
6938
87743
69308
43843
84226
7068
67328
96477
32387
41617
76562
44988
16003
73336
71695
17303
67301
84583
27192
53283
85511
64842
34070
70579
51397
54323
87073
93497
68261
62557
19365
84099
27874
87475
83782
40768
83302
97701
69382
96743
45727
62594
78024
83658
42885
23586
24623
62284
90805
4382
8447
31820
97873
57565
50181
53860
75790
56180
1879
83277
89297
99133
88447
5235
53433
86147
62063
79306
50028
74151
94709
37763
2018
85017
81439
82697
78897
90583
88556
44148
488
8201
54652
62769
59176
18740
58889
72596
76757
74997
9294
64954
17399
97308
93544
4145
65922
8786
10873
61393
74160
63319
88363
60024
97149
59671
73863
12519
59608
38638
55369
16379
52869
16125
93437
4360
9813
60525
76278
26236
87453
64582
58314
10805
16169
49656
86935
1283
25944
51292
98787
38616
5261
93742
32530
84820
54400
59075
86846
13619
10050
62565
68293
48588
60046
79132
68746
99817
85402
2863
71023
11420
55761
2183
20287
96815
17997
2463
90455
82634
72580
434
89407
60046
64640
18568
63825
91977
67873
21512
94661
96402
34205
87797
20667
57025
29686
56171
59963
97413
27896
25928
89132
47175
95733
46640
28230
94312
59475
30574
70716
89892
4695
52371
74167
15405
7383
42241
75246
53098
12186
92256
20611
26771
97500
27452
99881
40265
57605
46443
52821
87812
69050
33233
90393
71204
3227
36984
96514
49297
35757
15937
8315
84463
42699
4593
73257
24822
48239
85320
35891
90454
39218
5802
16982
99028
94266
61982
44923
56549
22134
91768
26134
20233
63217
82414
34405
84975
11411
20772
70086
19437
48770
46658
78640
13610
94406
47684
88915
74488
30920
31976
9357
80658
24491
12277
55885
71744
81067
80815
42526
73594
88343
51177
82779
79729
98746
7312
94177
5515
89252
32925
5321
60679
73822
89296
98406
23103
52194
21937
69655
9563
90479
41476
67534
70101
4497
78094
84182
15889
21894
37048
54116
44702
64586
67040
95500
72620
78493
33863
45147
96794
23870
51761
18179
72635
82176
99828
1193
60978
78618
66325
68119
6500
15658
22519
6567
81399
77109
13949
94657
72060
82315
83651
55902
82624
11410
51603
57640
14958
16422
44211
17082
81885
66375
90863
35423
79894
30344
19194
17464
83327
76469
44311
11262
47882
26661
33577
76191
24915
43049
30367
45249
77366
6526
83580
91134
40193
87453
36867
16501
55434
9411
59532
71177
40531
21093
93173
11877
71151
46014
59327
36174
29447
36666
63266
53144
23344
20542
81902
60942
6522
1862
5956
38669
18870
99998
59739
10975
99930
30336
28357
24309
59272
48762
79224
15269
73535
40074
69839
35989
45904
27063
26501
83935
36726
18389
36977
70198
42917
22650
79399
75314
70938
16715
97301
84843
83164
37206
57278
92192
56351
939
43675
88265
52193
21355
36191
58305
64710
54409
39225
68050
6856
84482
9240
58093
84400
54338
68349
26192
42567
15399
63068
61586
27144
10759
14063
12209
41813
74517
38400
4830
50595
9895
26917
75970
40324
46185
89584
29657
52652
88359
12127
81169
48545
48915
99773
5661
27923
58335
72011
29860
27239
90270
88643
87327
19655
47725
51519
3339
23331
38878
98140
78095
40517
46644
14902
49130
12420
4148
45120
80029
15867
84581
14502
90835
48775
92558
433
81423
98300
31497
96687
15934
23524
71140
96851
94645
26598
38932
3747
79686
7618
43765
42790
18175
46919
51262
9105
85992
33913
27419
86856
9691
72042
28559
44008
41818
60323
31885
47817
12541
16614
96141
15601
39910
91183
57732
24989
99967
70839
69899
81965
93540
35004
35700
69175
97163
11820
67749
56890
29338
51023
42883
86418
60445
89865
43761
7721
49992
81839
69353
75857
17544
76207
40968
22548
33197
68238
85178
16277
8239
62743
73802
90985
49607
83459
64163
67938
16659
46448
10888
48602
22251
89352
44522
25785
93788
97533
8509
76850
60240
20706
67526
16057
29029
72136
70657
20088
89087
7527
27439
79320
16855
84208
79641
77696
81056
94129
30802
28340
82967
78388
11832
91106
85512
24367
48405
74210
92495
17722
23668
83717
35687
87274
9923
82650
59337
91687
72641
29910
21071
16840
91344
23043
92334
67491
76225
31613
60357
49716
60221
27403
73398
11834
87680
21440
15478
78337
6362
55467
2386
44825
86534
68727
86600
34262
52376
96435
75107
35884
92613
61524
97682
71594
74415
3940
99125
35979
4515
77113
46802
95263
12558
66929
46864
95294
11045
86576
41923
55843
90304
47693
86469
24537
27803
60837
16914
31936
25715
7808
16123
73871
42734
82404
63679
26731
19067
81990
70772
60178
31280
477
77814
69252
86822
81858
88117
11586
5466
40397
50393
99690
40836
65215
99260
57939
87252
30084
19936
29392
32695
78716
79837
88174
27561
3867
58414
3319
54215
47840
31850
38422
79514
72473
17347
78799
97836
84588
55118
11229
53136
65144
5794
96646
305
79918
72641
83417
62036
73337
31738
5949
83765
42182
69465
92198
86744
85706
29099
90055
78672
37028
48186
43459
84254
3900
67186
16641
7609
5203
10549
65114
52335
91810
71893
71558
28469
36159
52650
71703
1006
50684
3090
32855
65742
9411
2645
50200
48350
50336
71877
48118
86044
47749
59156
51575
43299
37129
19813
93443
48615
38469
33241
35601
93903
19869
53055
7846
5887
42005
88039
88902
64652
66366
3464
98073
98658
8476
53912
65479
78680
19359
13673
50375
64632
95948
81786
36299
41745
94747
13250
281
83356
47407
25095
82400
88742
60118
1082
75853
28687
86871
80591
77652
15549
59418
86059
27596
56990
98604
51408
74981
47316
27200
3870
92110
91432
1254
53232
40282
45025
58971
40635
88091
5061
36908
65083
5524
30363
62477
28357
20354
76487
11192
54998
41745
91549
15839
26087
16787
91415
63617
53239
54645
45574
24330
51800
82586
15702
59633
34834
97004
26833
34440
83395
18781
57059
11804
21679
17235
52176
25029
61395
72843
46969
91756
90238
87932
93793
94555
60754
35682
23315
93092
7282
50650
48936
68726
39297
12300
37537
58770
43339
95401
40663
97412
66501
1969
92960
51096
37068
12719
84893
34149
95287
98689
29953
37326
94346
77366
65013
14754
14424
20953
42360
5906
74112
42501
30810
99115
18523
39328
77574
64371
47332
79217
37364
19141
84700
26050
30197
48857
93685
88127
33647
27689
49904
41003
75686
74887
18629
31758
44864
29428
48542
56477
47204
35745
39731
73891
19836
68891
7954
22606
40705
15150
85896
81223
10986
473
76276
10659
667
47780
26022
71169
27680
82560
30874
84961
39734
73425
66486
34013
86248
36142
15504
20344
69216
7664
82983
92011
72182
64943
60992
37060
93494
23042
74271
74089
75441
20977
71437
52233
32586
44186
31160
432
44940
74133
77907
41746
38915
22434
79790
90660
81110
20912
6097
22817
87318
29654
93741
74096
33329
26594
37716
57462
55225
9765
27948
31870
29916
76258
2656
78311
69979
30562
13632
31477
39545
86915
72375
73948
6412
96081
65077
74017
69912
20678
85308
63825
12657
63866
98236
30843
14618
36063
95004
24938
63341
51685
19711
85500
46414
2385
92092
69275
8518
67877
85022
8126
5523
54640
87030
71671
27240
40564
58856
49961
86104
23435
69714
83565
94880
14046
37163
47265
64437
89843
76652
97274
93026
6162
32077
3148
24611
97660
5864
36106
43621
18630
51261
61836
84283
89285
53336
69741
36119
61278
56471
16404
40276
15540
72438
6202
40129
6617
59307
26549
95820
61766
74905
44661
33978
87765
87654
89226
84579
84194
77735
66254
72789
77365
53131
48576
93197
39387
40453
43345
9618
30555
63390
44442
13612
80621
35784
6331
65096
17486
28465
95154
43202
65951
33675
9898
24112
9199
12948
34953
31195
9699
35800
24101
92753
6396
47721
81252
50006
53579
75935
87767
97799
85350
57566
81137
24356
96591
93643
15099
40218
16277
26091
91446
30169
48895
31391
50150
62770
1703
83894
90945
76746
83414
99323
85342
98238
10789
6302
38913
81618
16759
32536
79484
42695
20599
85938
33201
74922
11726
40000
95658
24519
52059
59580
90144
7996
38432
66139
3135
83880
50636
6748
89483
78718
82684
78837
29471
28052
97981
41212
17509
67657
25881
37249
2761
97399
61821
40339
52849
12885
62023
13028
66851
74164
50568
11943
6326
1724
20092
91749
98760
5016
11179
16952
84256
92242
16148
94634
1986
8270
5434
35732
68485
54088
69805
46359
82801
74789
7563
67293
73029
15582
72537
70183
76667
43607
18391
31189
63600
85689
57075
11489
17425
60821
82250
72239
8717
31652
66129
24014
99753
22117
32856
24059
16325
51034
81345
79528
1870
61701
40019
4530
41422
76195
37589
70363
91817
64204
95019
68069
84056
65829
37072
16344
80056
3292
50671
89641
82854
17740
12112
95988
10371
71441
71924
33234
70172
65072
70335
82498
44686
4090
12287
61869
20483
35840
74531
63719
36913
9182
52163
26834
38386
69786
91052
33507
9316
68559
95923
75807
24148
81417
83656
15396
19505
98573
78077
64430
77696
71160
48424
13877
33579
1316
68691
99931
30490
5915
25934
36385
85848
88217
91851
38449
70541
85010
84764
9837
25892
46103
84973
82140
32835
13139
24380
72280
27100
51067
18822
63288
25942
38681
71195
16504
87872
19399
39533
51925
95660
83754
41499
44456
75191
96119
87910
6126
47841
66975
38404
28586
69579
85774
22413
55591
24113
54250
37672
91639
77538
1127
35617
969
8979
45965
97682
49563
95733
32142
47726
17140
65955
88811
27121
35246
89337
98614
8729
85579
90139
70016
82741
64140
38409
92235
43484
70524
88474
81885
44281
86697
94557
50477
8815
67685
28557
35656
87201
51460
97227
41324
43086
41770
81021
82371
13643
97672
89910
1942
84989
2392
64468
15773
46741
19473
26182
5486
51544
84888
45252
99671
47055
84523
53167
9658
28835
96399
21269
52131
91068
69568
35016
3714
19583
44025
89067
92611
63692
51210
23213
65274
23506
78233
59625
26640
91201
40760
62501
46684
95541
10738
89103
97039
34255
52333
30093
97828
92609
32190
63678
50016
63585
32020
74324
92560
16948
76822
4404
20607
16962
2448
14591
53644
4199
34316
60415
14014
68096
3434
84494
68324
19173
47139
43254
72056
17563
33625
43042
40958
94391
55277
56341
50436
2593
20532
25536
81890
44407
9038
2228
2136
42990
68317
21493
22234
69252
12639
40406
37085
67411
51216
10261
39528
38482
80928
89348
11771
17342
48929
8752
18766
34241
17107
97761
31787
33600
37794
62799
56758
24041
24197
850
42782
50450
27991
49641
66849
69787
86821
73905
21638
14453
16296
99803
12317
37810
87561
64422
35269
2752
82796
78828
86272
92684
3320
52771
66300
250
59901
66835
73902
87617
350
77540
52704
16359
59127
72773
77159
37856
11017
92565
15476
30692
31385
81982
42310
68973
72501
58490
93789
16003
98334
34012
19577
45458
99890
41049
37693
67699
73850
92736
90834
16571
24799
68757
49271
17629
91103
37965
48073
33804
15871
66776
924
17460
34405
66930
3940
8761
67383
16347
97702
61884
31807
36431
91292
26520
1051
27202
60598
48187
2972
72386
77036
54445
23837
64988
89875
80146
63702
99913
24528
73669
72137
10144
12423
62892
54443
69510
94863
95351
70330
73837
56833
68767
55172
19260
86354
99292
16226
60207
10501
80975
78838
44399
86267
73556
43546
16739
29182
46163
9825
15508
18510
94724
63234
2120
49504
94305
35620
51632
19893
50555
36229
78046
32740
9103
85601
41943
44743
34953
39273
82625
10769
78760
35834
92205
74578
97896
24361
91508
8700
84707
52064
36346
22350
1687
94857
54531
84046
89860
12962
63155
22148
70808
99412
13764
26352
6375
19416
11235
97823
74201
14661
23094
40077
47761
20685
70362
49471
79023
51222
5705
18262
82520
40617
25655
88013
48782
68653
30055
21572
25737
75736
98822
7493
42347
31321
74517
95813
21165
75595
92554
2662
33111
10045
9437
74831
29231
66449
9015
56582
4824
79268
47140
99981
36118
91558
5770
41447
96904
14965
48788
88985
61201
32689
17775
83430
36735
57233
97050
63128
75294
14288
17286
89297
67279
