92902
3664
97858
4942
68181
83727
63775
38393
94424
99780
32279
63788
99680
53239
539
60929
35019
19954
97695
69624
7140
48415
51290
63671
46116
22616
65181
63076
89610
63493
31187
40586
56152
33397
43314
17566
57398
60967
76225
35819
29947
82902
68265
33660
45672
14429
30326
63445
12268
13035
4792
55382
57898
44087
88235
95585
60153
60121
90184
59698
50245
67440
34393
37392
31441
36553
62218
8604
18295
99117
99759
6912
89807
88363
52657
69121
3892
66407
14127
33777
32402
33242
40656
81162
63172
32771
75056
84668
19286
91823
50538
73512
12399
79234
87289
34181
78375
91093
12714
9588
90815
99033
55732
23025
92111
69025
97683
24678
92411
56835
51062
25960
55750
24150
48833
91827
96486
72059
24288
23974
28431
10397
60618
89421
35164
39233
97552
62202
7020
67619
6948
12813
15512
93954
75139
7625
39341
65190
81865
12624
91931
85467
59630
86808
30243
77893
29482
67973
14974
88727
95208
64218
42510
65225
56929
75594
87792
12647
71948
14867
88234
577
62193
95645
55884
3839
38315
68848
57083
65084
63011
17534
58981
30262
54361
63846
17826
38268
30720
75236
27088
5784
18105
60144
62071
9089
10790
786
43205
63153
80750
26651
61587
44022
3930
74843
45340
65313
87196
77592
66942
63253
51155
58404
85760
23502
3391
50841
47603
85623
15382
75227
87229
73055
59252
79952
14340
53812
8218
60218
27668
1392
74709
30944
9711
94370
74335
52061
64601
55235
41997
25319
49029
67393
61733
83412
14708
14530
36372
17541
23937
13720
89046
15382
66599
62497
68075
16727
11298
43216
80332
37570
2000
50669
82222
71341
98151
31842
45888
12306
74038
13912
12888
86711
55888
50108
25350
89399
46532
70239
79932
93987
88691
7446
43573
20332
12567
2037
11675
25450
18771
40793
42526
25440
64784
17423
21119
67331
5062
68949
99621
13643
57958
91466
22432
93886
85531
79947
5519
32337
39916
52181
7165
41222
58823
53345
6733
82314
15597
85874
51827
39954
7675
22147
55133
35541
17777
17619
52791
96627
98886
25842
90370
39649
19868
52153
28607
3727
81901
30668
97661
95629
90857
52744
27652
29477
59916
72109
62892
65271
99939
56466
50620
53207
77134
31752
55496
59925
78909
40079
18476
2696
89472
6231
1679
95331
60576
9199
94159
85216
43729
28349
44689
43154
56464
91443
88099
57537
23771
63728
77050
97271
19298
19879
67831
24571
97186
23665
76417
83340
65941
21832
21054
48563
38363
29455
96184
35869
86741
50441
24525
63021
44946
3538
38054
63518
5642
93399
51808
74086
54487
78449
94335
69111
74731
55743
31449
47456
26874
32994
60761
54224
69545
18056
40625
1479
89454
33703
937
14252
88458
10670
91054
76772
73057
27176
28523
22598
94219
15187
96516
71020
52805
4524
22637
98920
48169
19287
66876
92502
65740
21114
89365
22654
50533
8873
55026
33456
65356
48573
21784
82230
20630
91805
11637
93650
92990
41195
51647
15417
9324
37237
81416
23529
88987
32744
21029
17680
95043
73460
20843
20322
50875
69664
78574
64117
97049
12960
53284
10019
27160
2572
25042
42141
12065
78149
87411
72995
9106
16813
36333
37554
42356
35531
90771
10595
94167
20344
58669
35483
39361
52112
32767
17000
65601
65444
74332
47041
12593
59958
55221
74264
97506
92297
63450
5327
36650
23878
93428
98970
26906
72403
61221
28360
49904
99264
72436
32324
57283
34950
36886
86170
856
39411
9973
49535
96584
80345
62471
92470
64188
37631
91653
12801
69291
2822
3291
88443
9056
52743
30758
65196
18407
24701
26245
94363
47423
98248
52652
28795
11132
53315
991
60685
68460
57265
70577
98462
32426
35098
15160
55916
37705
66464
34385
85584
32195
19406
40196
36618
61307
15187
76330
73378
57084
87942
82452
66370
55979
31803
44825
70783
33926
88397
15429
40977
18668
39052
79401
15067
42959
48160
3973
88494
56513
79059
6026
56080
84605
84772
78188
42919
85943
82427
35693
63745
52593
92405
63289
70668
25305
8922
52635
54603
22892
48287
80786
5867
61906
94475
30135
78465
34939
750
41848
41974
54782
51828
27557
80554
6951
61419
13289
63888
65741
60346
43480
92831
10672
85518
44370
12887
80750
33369
33558
22910
83597
88299
88366
31114
38471
57196
15025
6238
7999
24554
31520
90187
36250
33826
74904
38839
67316
91264
27054
97737
34819
50758
60103
56432
57671
96077
75937
62134
1943
88732
22715
32613
72740
80638
2687
28438
89829
54573
10266
48721
74707
56229
8252
4687
33481
30693
25217
60567
53095
54666
12755
77259
56409
20303
27677
41965
65802
40826
80359
57943
67911
94670
57507
5608
58041
41740
55786
61212
31593
41908
80931
23402
29103
91658
97743
59690
61594
87220
86723
49167
48670
10566
59637
35330
75702
28102
83805
82778
71750
68587
88848
63814
37750
97630
12233
98477
51226
46823
70700
82103
22318
24023
16575
85975
67303
72842
65261
39813
34496
39953
35409
47495
38717
26751
1893
78861
90501
26451
98868
65254
58101
16575
71243
50878
10873
18733
78154
86853
18347
48229
92000
87035
75535
65963
83592
81118
29498
9879
461
96560
49454
22348
72012
80419
8309
32069
20469
32574
42993
49942
14114
92707
94880
2492
99358
71396
20157
10980
86804
44788
63643
10280
45509
65707
7183
34261
95897
93931
90227
89488
49597
93311
72091
57174
78949
1955
30822
74027
24482
78705
78553
35028
44956
31901
78994
78020
97265
38934
93381
52737
40463
5984
17020
30190
82778
27229
18176
44802
99086
43696
9659
88150
82710
78048
55630
85160
61960
30171
37045
62754
2146
45857
39338
66793
94313
87211
78677
50913
49414
17436
37462
85806
92499
47840
56933
58020
98978
68948
8141
39397
1441
60059
90056
92329
82690
51447
41771
10101
66427
42131
7637
30700
62495
49334
54907
44622
68116
55023
15513
14455
6927
98437
73816
21386
4731
27991
53986
24577
3601
7151
25487
38425
98589
55298
57535
74885
68487
964
91041
58651
1688
69555
53201
88441
14022
20999
35063
65064
14410
48131
517
6939
44959
57224
37234
19422
73762
40514
66943
71172
60937
76966
59536
44012
910
38505
45366
4699
39940
73682
26538
48624
91521
13364
83409
16975
98724
41501
20750
80885
99790
33336
17175
16984
4476
70111
36497
18725
48603
14204
53134
11055
83100
99305
20162
72870
28508
14270
95026
44137
73213
49674
85
82900
56963
52262
19656
29522
33358
7553
70503
91802
57426
26962
18082
15408
33638
95692
14784
19770
65890
47954
15606
24684
40544
61173
73656
69575
30961
90625
91967
98350
88464
87089
96921
28794
85774
79675
46941
73463
21406
96832
70299
56089
52905
42070
84500
8590
91847
65094
60344
66628
33300
65493
36283
16875
88048
55680
94899
82518
71139
74148
54545
54976
91008
82802
70865
61567
37806
35956
13066
16230
79482
45023
47650
95452
64697
67222
3284
17873
74548
1360
23982
37537
77977
98607
37257
19905
33470
31990
87670
62527
76323
74634
4302
99021
39036
61868
55140
3707
97526
78694
77130
63808
2907
25972
33596
48492
65693
49058
55727
83392
5036
79729
81353
82080
28505
13531
43732
51787
97242
98976
88011
70064
40079
53819
88385
50047
72640
96762
58333
34866
86349
81780
99194
60430
47799
95258
47014
91156
48621
82160
2087
31943
51520
58357
86376
72529
78527
57539
28778
1833
21390
31356
43854
63654
23220
62005
34987
11999
93652
34322
15007
98141
52034
77932
23986
14146
4520
65276
68240
34597
76630
32237
52745
72803
14600
97692
83489
52117
50946
80478
11684
7641
25898
49401
55149
91468
61658
52676
90716
93820
8921
37506
63673
3647
87997
15682
93930
69459
49427
73778
94503
52727
19520
62877
42464
5107
270
46971
5678
11564
66589
92140
73190
84095
12855
45169
65611
53715
39342
14580
37707
33756
23294
89277
80299
79449
89940
55159
65172
7558
45718
13175
54509
47634
41768
67033
59668
70635
39066
44857
69072
14814
88817
64963
74490
52735
77556
90640
75365
98438
69281
78668
19862
583
46040
34509
13448
63023
53531
99663
39448
55015
36151
69834
62911
42188
15505
57619
4876
91540
24704
55594
52283
65641
5744
25943
49234
60124
23962
7943
4059
53359
7569
9511
25453
62997
76860
2358
38140
63022
51519
79399
44156
64126
93370
24137
12965
13240
39169
18622
60012
83641
61422
63072
32006
67241
28938
48275
6326
69004
28047
91312
29459
48034
7240
5791
84578
88
95590
56233
9101
60241
17410
70554
17825
95063
69272
7114
22097
83567
86337
54651
45514
19403
76591
11754
6076
37768
51502
36783
19150
13808
52717
59239
84609
92293
92998
61494
38271
84405
51066
48638
10404
26432
76084
46017
92140
58792
21137
66685
21948
92109
74109
68133
95394
32740
22318
4812
19017
98636
69140
61214
62479
35143
83010
86934
34416
62594
65643
79715
6851
51632
62249
17230
51389
54185
64351
38540
42825
86962
11763
30638
91283
52006
44795
10880
29101
26700
49017
21761
57003
62680
61105
70194
63907
38918
23378
29896
32796
44725
81107
31136
28737
76051
41527
16781
85403
64094
72278
46440
63981
6450
60200
64530
83780
53136
66909
83039
74138
76034
69913
93032
29815
71611
48214
54095
12138
62916
43736
97359
78126
70792
40644
70392
55569
2627
21141
39327
12503
57617
89850
33532
7503
47834
82853
77976
11067
34814
94743
13929
40778
11637
33416
29093
3032
16464
91459
99533
78314
87271
35580
4352
65492
49830
57898
50651
87751
42006
58022
49219
83828
83035
49142
36314
55023
10398
94428
62489
23669
1764
10766
93498
49986
31545
46519
99001
40016
27422
24274
28752
25554
23396
2006
58027
56096
95323
52526
40385
75160
4674
29175
92473
78105
74535
47390
8931
7813
41449
9597
7649
28695
73943
56917
43410
47689
36676
14251
23486
42332
32978
52430
93806
72168
9994
8153
74443
78511
39433
58010
3957
93657
51717
46545
72376
39604
24550
54184
99577
98162
58221
61135
39926
40998
1380
60415
97448
30525
71657
22944
94410
45081
53125
26511
12615
54011
84679
73027
29792
42113
55809
89486
22924
64045
79073
53710
69732
98959
72592
33050
45501
33501
8490
68537
1474
76057
33501
42700
44861
30263
25999
30579
34283
9235
59550
83133
57184
32061
39390
79888
81787
35396
52145
88282
61107
52993
2125
23873
98571
99226
88556
86535
41352
44868
28748
8805
5951
20764
46846
62634
91725
38703
90052
26811
27934
50849
91159
45622
31982
73820
18630
16102
44734
65228
43008
22526
8593
55406
63647
66441
43031
16061
70829
77776
19076
85860
49052
61145
964
17819
27642
742
5986
67739
87824
23115
80623
26254
73448
35075
79727
53108
29724
30743
62937
65916
41395
78862
77652
37290
74809
47371
54897
73003
69812
87333
68833
37444
82492
91269
81682
16945
17736
71452
88558
55406
95977
25780
53677
74364
49508
57225
75159
99708
96213
7816
47934
67368
25218
2850
79919
9541
92262
10870
83250
51112
26304
32244
28550
89667
57826
76031
45409
17472
49731
82607
79919
89313
85173
26572
58122
88998
58806
66454
33050
55852
20000
75535
18223
86589
82656
22854
58971
93119
1920
57284
38098
56121
56333
34405
3510
69898
38318
62504
30123
65159
60464
28871
77458
34465
55415
84678
49385
49224
81958
87525
71150
62337
4139
85488
72728
20642
58608
30703
21612
58848
63799
50569
15873
7263
7144
10622
72533
50119
77656
40697
92372
3246
84698
22387
64574
98934
19690
28488
66801
96483
26640
25257
38761
28410
94515
74957
27919
64496
56440
72562
29855
13422
84193
73891
42360
49115
43908
88263
19118
10836
89180
22541
37710
38314
81052
52220
10038
23528
40497
45192
77192
36356
14102
40291
56342
40498
9483
35182
11617
60369
22387
49437
46851
5798
62665
46883
12226
87925
90025
45905
38951
87948
97924
98466
44961
37114
79787
41017
88594
84350
52507
87805
31850
10951
3897
48065
12078
73063
6298
48322
80244
69193
35237
12552
33606
35111
82869
63954
6874
33938
4659
10773
64681
52554
52326
56683
58148
17476
2005
84269
4463
16851
45869
38889
20726
67829
27808
2265
93194
10427
89080
31011
17369
72752
86887
25866
75670
38833
44146
15175
79965
49954
93851
32041
51266
24405
80075
59421
33716
67318
66387
38314
36251
62453
98342
20229
29423
34084
96058
69692
76616
96850
54019
67333
44609
2091
17011
49699
938
75403
43948
44956
80745
3766
3122
82842
55494
73356
44222
76609
63219
72297
21371
25535
32802
98746
57760
28888
93523
62287
32668
6227
88679
56645
5989
61808
50244
87052
48209
17608
52062
96982
27750
93978
22441
43998
50662
16074
24508
96704
31324
41345
14291
56780
406
34910
90110
74754
87193
99969
87865
85368
1085
7253
8546
41514
22287
55662
48597
76536
64068
12382
75353
4691
12316
33607
87601
81716
71656
73256
55538
31658
44208
84680
61677
69711
57508
55155
10764
86534
2660
52589
95307
23937
9446
99411
1733
60785
46052
16837
72079
31875
55146
53645
93481
86706
78770
52006
18064
37118
11015
13611
11042
39693
58289
13687
2477
71856
15647
19769
26974
238
29831
70801
43605
9125
11677
96080
87751
55863
26415
50843
76131
52128
90133
31183
80941
18531
97445
93654
93054
87919
23589
5300
8216
48612
12538
14599
42434
19285
40764
53330
49601
75710
37487
71501
46129
68571
36499
94089
49556
42608
87288
92240
95431
83117
87104
84086
65089
74303
74538
76123
24641
28182
19303
59977
98029
3609
17066
5407
73756
96336
2868
52776
67230
91659
3513
69945
56668
34124
43028
240
38994
11049
34463
10778
1809
25436
35494
12089
30973
94259
61793
44070
5974
65527
62233
83086
93609
98533
62018
9379
73511
44876
86875
6386
32044
61074
35880
89833
92276
7664
85119
29893
41825
37001
40250
68874
64299
65171
6082
95866
25412
17093
81773
38941
92054
79308
50147
97236
38528
41428
43323
46485
41588
8851
79317
21888
28716
51216
6
51003
84327
16641
73744
65862
92436
7128
83222
23059
44122
52846
15367
32040
46184
50539
70146
18533
70588
11389
84736
41530
4955
52841
94802
82805
70966
5148
62453
86491
70316
51100
35197
48163
96633
40549
76649
542
3465
19426
10223
97417
19750
95018
72669
8873
64196
72411
33244
77377
81338
82385
91980
52720
12122
38897
10577
23913
98154
82458
41886
76856
21200
20096
52533
7480
88729
99843
35536
80701
96458
50909
35370
11981
42951
41407
89056
40199
56994
49703
95324
24167
30220
27965
95058
2303
29376
60077
95652
6244
29384
71718
56917
38106
97396
70437
94166
44403
76948
15838
64857
84686
95650
93384
38184
89344
94836
77659
93175
71643
79360
12558
21694
7927
4919
88327
77013
15693
97396
4787
43931
2199
59603
7635
16665
53050
48395
78930
77231
25018
23347
85709
41842
3541
14426
57551
40872
28000
58656
29228
59587
32832
7813
79406
36473
80183
77227
25864
94293
75131
35679
82404
92852
7422
82870
91462
41910
25982
19334
36797
11931
91632
82412
63905
67750
84365
81279
15512
471
33922
55302
29336
113
82519
50766
33774
95231
40379
48393
69109
38789
29288
32773
20372
31837
28982
13485
34162
73092
78968
56705
38862
12920
59220
91701
37370
51527
85432
35426
68860
5223
92399
74043
64243
32092
6113
74018
36801
45177
96474
9383
17047
3198
33463
23277
89123
65785
25347
20883
97020
13350
14310
59395
9952
11861
16546
39202
55305
85432
79055
28363
16590
742
38023
25843
6383
85775
5005
18034
55437
44256
76898
17778
45616
58751
72229
16836
68132
7554
58391
96723
17954
96683
60012
8887
75846
91914
79918
36565
82485
67778
5340
30687
44640
83579
43409
24153
70209
33189
45258
12572
52316
95648
16365
49740
50186
9687
58526
45501
63151
72019
48181
16035
49990
92594
9550
50343
49695
83465
87594
22344
56268
62932
41085
31947
54739
29591
3500
29691
47644
95481
40718
34058
41591
23918
10308
38963
57163
50274
20398
5576
82358
55329
29702
59018
86964
68049
28275
43034
59247
93705
12488
80762
33426
77829
84660
59387
66956
74524
7430
3767
29524
19936
83503
13952
15191
61535
72010
3092
547
62727
87502
5617
1100
65471
37047
86426
19342
93802
48615
13844
71600
16653
74135
3750
96492
78908
64688
26674
4899
56486
65516
22195
14591
78317
29916
73747
71125
88444
6639
69173
19315
71010
65762
25234
34391
76992
78850
92433
23351
20855
67270
18461
58567
72226
8823
35327
57791
92607
83499
34255
82785
56739
76906
10316
51051
96273
32504
84594
15593
66849
75765
36264
50527
31000
27652
91599
19032
98611
7748
47805
82289
79635
26605
71548
8583
22399
43215
30061
94651
72930
74660
28319
85430
74259
6853
89009
62893
89880
91125
61404
30312
83878
79038
59152
1362
30807
79740
49929
93003
36888
76440
11422
86471
46810
87938
31611
57106
8328
72781
41607
27589
716
16288
59514
31470
78071
73751
39031
10313
88892
79195
66487
3071
48938
86832
49531
10611
663
24106
79919
83715
83115
93438
89241
56698
4235
82812
13856
93531
89680
15485
92972
14206
31480
25902
53318
35192
29606
98590
38571
92515
94578
94627
15856
88812
50801
29416
20282
13840
85037
35805
86246
68081
43045
54895
20473
69675
37046
8610
10315
82182
20837
85124
66172
27409
76726
73616
79464
46762
34403
10756
91767
8860
31012
46805
5486
90017
87180
17569
3295
43235
65742
78128
28664
91153
88066
54288
28826
11026
10270
51862
97990
53293
22862
23219
70146
94689
95522
41039
11911
89490
15050
50786
22999
22098
71817
49569
33584
80030
43430
83447
15425
94657
93743
42154
4338
86056
49563
21470
15974
13089
18319
82691
56972
54232
28766
28624
20312
37310
79845
83311
17954
65980
48121
99091
23816
90003
80389
97047
75659
64281
99175
29550
29485
2459
212
27504
93367
41071
82746
86479
98200
61139
23497
13570
31501
13757
30532
81096
23740
69438
19979
68146
49401
46465
32824
55211
39535
31841
63763
83761
81212
35999
91788
41446
76592
32197
95241
53226
17635
20199
31808
35468
22550
8587
21485
41434
8739
76760
2224
4313
53065
25797
76980
76005
81842
67254
42056
28731
33160
68044
42916
24831
54976
48529
47157
64943
56443
26668
90538
80720
16461
2458
31853
95463
72284
47715
71247
27702
15408
47836
46785
71324
44036
70332
50288
89189
71200
13051
30664
39262
50482
97879
36542
72227
80118
61614
48534
35563
88546
1438
15960
927
45370
51997
76011
99225
21459
31535
62370
83847
26214
80061
24892
76822
1838
68942
78960
29181
84536
56540
35255
17209
8627
47653
3545
96096
8098
97386
5269
87104
93371
40824
5381
15659
71236
10762
65626
65383
27459
60840
76440
81595
94870
40103
88014
90158
55280
86460
7465
36947
16663
96527
67085
72704
24185
83581
96157
88369
55309
7000
80461
44765
97506
67152
75663
87207
57112
90032
94650
17500
49019
99093
65763
16222
36567
71997
10333
94996
40697
42934
4601
93143
30232
9612
28473
87331
87219
51149
91943
73765
36535
37495
21630
16718
50119
7894
28761
49804
16017
55795
23716
56705
23476
82204
32295
47243
75737
7489
57587
91064
97043
29172
71460
17478
37644
23878
93939
69048
1827
35079
36159
73736
48399
48755
53981
23502
55021
54991
92736
26331
54764
58141
93177
51281
30782
5631
90411
28601
60431
41333
57796
92326
59726
39400
78585
18884
36681
59872
4528
71435
92287
8933
92407
26532
75735
5775
19668
56952
63391
48199
50991
38244
79579
74658
24392
52033
74919
80672
45202
76825
8249
87962
71539
11741
55388
97580
8313
72728
41720
48253
61999
94280
43609
30850
98095
87890
2012
94523
32644
67916
95812
87959
49113
60744
60888
90612
64557
54314
80818
5442
40730
95934
32703
65459
32193
42595
79216
84962
3636
66196
2207
97830
29454
46971
5425
18778
85214
83105
76996
59046
39131
71282
12320
49582
3967
12604
10513
56126
17562
28435
43580
17053
78345
13123
55232
3542
74807
11864
17893
82556
42064
59656
30608
24352
88860
98735
20930
22755
72138
49912
74420
22029
32611
85164
63618
53861
41515
33663
6830
98333
40224
83792
54777
82424
3702
64848
32641
98249
1832
54942
33888
12306
83019
93227
36482
86174
24406
39582
76379
37833
54691
56090
47134
65172
70791
47244
39816
54987
41301
89615
19454
89937
86500
22850
84944
74306
38104
15016
15630
46012
52834
86107
33841
31916
41030
53401
10534
84317
45233
13249
59119
91528
73424
83741
70236
21138
39754
69855
90060
61285
30483
53215
52022
35449
67475
7728
30713
63088
42491
78280
8708
9897
71684
83154
81542
92584
70462
82736
66481
27661
32914
17560
54454
70474
12455
31996
25615
16960
84441
1541
3609
73127
73832
2525
64049
47926
61278
32141
79158
58391
11952
4093
45320
39988
65674
68000
94759
55320
3619
23228
55605
63160
95949
84406
58618
63206
26007
88734
66663
82085
94885
88266
47689
13446
24501
33665
38237
60651
68561
90359
56535
49301
85941
90521
517
11790
88420
99638
96089
18685
53877
72614
24880
54473
66878
28944
15106
16631
5439
36960
31890
49090
82190
39592
69423
28387
40518
48386
43529
82528
61438
44020
34699
71503
80247
5028
11973
34489
81973
8752
99273
12444
98359
91120
70194
76084
58133
1906
14523
99115
81471
34896
82052
1052
59674
92481
3400
40671
47492
35482
43282
94257
35978
37007
16398
49838
9613
24281
93733
1619
37631
35851
66665
87708
90312
16419
88584
47764
156
69753
41728
77679
15663
42917
59668
3139
15530
5440
31481
29099
55134
91214
50422
80793
7763
71373
48749
55527
32312
32337
56585
58310
49584
85315
22812
61386
92263
22608
84487
62121
286
67920
51586
97479
63850
9810
14676
75129
55788
21398
31351
93034
81021
6835
61703
87901
40462
69640
13799
91237
70068
60226
97501
81372
48630
73839
14166
68220
1305
34308
93330
75232
28550
18736
14141
4025
11225
35633
8286
8611
92503
72293
22078
15019
77153
60055
83854
9479
31547
29382
12580
11674
19836
7530
30031
39096
94586
46447
37818
14881
39488
74464
37442
37718
89260
88221
46379
57186
12534
18915
11302
69710
65401
17545
40729
81112
13206
77700
16241
17701
44843
36058
85371
70837
40709
35412
81510
22043
1995
95927
43594
99972
7392
70602
67346
85508
31579
21460
28511
61794
63872
69524
63827
95659
4433
15319
29425
63105
95179
49031
84192
68431
20357
41215
51149
88401
19264
85984
49678
26072
66134
42687
91893
38427
80056
50562
75223
49268
51463
81674
37731
93440
94570
68369
56121
71857
94143
72665
85772
29310
5831
63566
10451
75732
27372
68642
24915
29644
94610
91186
60504
40211
29353
76494
62757
21166
5327
92849
66014
3467
10077
75155
27612
7879
43231
47631
43399
98787
12730
99585
19955
20761
51682
5699
47885
84
85069
89601
11182
58336
19251
28675
63412
8758
47717
42876
32642
13147
41210
99144
69833
69551
40805
50422
64286
4383
89424
50903
94527
24256
82551
44874
57804
63479
61836
2387
20355
40420
15790
1647
6613
5496
55471
55312
96060
96635
97734
41254
7254
98966
66971
93962
21598
32242
67165
55178
9370
28855
556
2897
63859
38133
42103
57639
49317
39729
21918
29654
48526
75934
96297
81001
36895
54617
50668
31288
34509
77684
27291
88349
89845
41946
45033
1850
97723
58378
4807
81549
72091
59821
88345
32777
29062
92216
8622
98788
72894
3992
79709
80547
76411
21827
74232
4745
40843
34938
36205
46561
95752
12218
8106
72828
84742
50623
84684
26938
59696
80612
5294
36324
44361
50156
34661
68350
57004
73628
9581
48090
99422
92437
94930
77889
28366
95928
736
53415
68490
31088
51950
80581
79138
89991
44069
55037
89362
34073
88607
78796
26208
81552
27704
64362
95557
7483
8492
26107
12213
70518
34101
80107
29627
4802
11318
52593
16463
9660
82592
93518
56307
78198
40886
40982
26730
50197
47962
16125
73247
67358
8209
72979
81888
23265
36049
91794
62952
59499
23295
37996
74944
46856
44636
14930
74725
59292
26234
58566
17392
66688
50814
39937
61529
47262
77950
95814
27061
34985
53183
24720
11405
27341
91024
22445
10386
16714
14375
31101
21846
23929
56664
75807
26150
54514
78071
49357
60313
83474
50730
24456
44736
22469
68486
70841
83292
12984
44933
95239
91065
18711
61555
4857
90022
80333
69006
21137
33250
93663
72445
58993
58636
74468
98742
36569
3084
42528
25049
21990
72596
13560
14230
63989
14320
71593
42519
38811
2796
75260
73766
60515
63621
12180
8833
89889
58948
73156
23340
1842
38163
70115
67716
47763
26254
72225
95784
70690
50397
2527
46080
46754
88109
10723
99604
97050
78591
15178
35267
79337
78680
16856
31234
61136
41458
7970
36144
2294
49764
64876
88009
49579
44013
1917
72463
29270
94746
34576
37159
4709
38117
52171
39963
70840
96720
63897
29278
46465
27091
57124
70397
27536
86406
70721
13481
16234
18486
70108
72222
60308
28773
91340
20372
29967
611
92098
72007
2779
35664
21083
12758
19807
64240
8418
68419
19856
75714
44586
60612
77060
59487
90879
24421
34890
64741
75053
55026
33412
90417
54157
21654
9888
96805
84616
16749
20798
78410
87610
28066
74324
44188
48945
78791
54972
90632
64122
36481
2081
56600
9050
38817
27978
58965
91064
68774
35169
21370
54330
76611
26035
37859
20677
37990
33746
6624
7482
51861
64798
32023
52682
61644
41101
99754
99195
3291
72388
33459
15259
49023
22720
80759
39085
62320
91466
48614
56749
89441
45381
88596
77554
99269
85269
30785
41470
44491
78213
62350
24257
82971
4185
57862
39768
2623
98662
92407
99059
19907
44033
66462
92096
31128
81586
37391
22773
1669
66220
83197
30239
75832
59947
85202
53850
12314
51607
77024
97380
64273
17170
54481
73938
35450
85117
63210
28001
83065
35903
21702
4024
16963
141
68388
4350
29256
70176
79390
53306
68978
49306
60501
64654
53143
36940
7008
45038
1461
103
42449
67362
44600
67898
48008
86187
90161
6892
47471
95630
38939
65670
10159
7073
46847
39268
79104
76702
23343
47071
23787
48145
39307
82586
93871
56206
83252
10405
93641
3797
42011
38581
48765
99649
84801
40313
33170
67524
53159
52245
22085
19103
22113
90605
27695
58142
9742
98309
12233
48659
31917
52566
35618
43957
47353
58380
9490
48159
77259
95925
92434
24430
79896
17240
82585
53065
17188
97045
14632
70032
89599
11775
21473
61975
8779
99779
9668
67681
79465
88043
53614
28316
73325
39990
64144
83483
22663
43280
99835
47346
58151
53327
66488
79133
34869
98011
47796
38769
82075
88924
79488
48565
34449
87028
17273
89143
8883
74060
59750
50791
88753
84155
82246
17621
92657
3027
57653
85828
97081
90737
21795
43717
44741
39346
68314
456
38198
4135
59837
9983
74513
57258
88018
82106
9509
18179
81192
15316
50179
58682
25314
50264
82788
67846
7612
93620
63254
20488
90217
35562
22563
11907
28307
97000
6206
52947
51321
59811
1378
31167
85681
12677
21425
56292
1775
18236
33694
80526
44464
42749
58439
58405
79139
87681
62719
29400
4601
5275
18583
37296
30405
55011
28896
37597
807
66440
45932
34203
92411
97319
18643
76007
30504
13275
13454
93314
56153
6675
92965
79287
72386
76258
5950
55746
23315
27918
95631
22613
93107
43726
6976
62724
361
3400
96719
1284
52600
77442
44759
71059
34149
29546
63055
35670
9893
6818
81086
20035
53439
22268
20144
3290
76499
87979
64964
14908
30595
67196
68894
63462
99117
21310
23751
67798
64967
42443
70815
70158
89960
14254
80403
59470
16528
50546
22125
24223
20838
45396
72961
57651
9879
49322
6620
34599
86892
13359
67974
3202
63663
41071
34644
13392
93101
1244
83546
16075
19422
93091
53732
7286
77369
77094
98099
6390
43471
98469
48848
76243
49396
39061
1754
9864
67945
30304
61466
38923
51852
56174
18744
780
93992
12299
97372
77506
52332
54936
35389
34303
46945
49061
36484
63692
4495
69938
81800
25550
80313
79757
36274
79393
49097
76387
36696
39129
41013
88075
65621
29505
18477
35388
64052
63699
48605
91961
58509
97383
9923
94191
26148
9590
5689
64699
80147
58538
92575
12565
83486
54264
64056
73757
98951
97309
63707
30360
91515
59860
79529
21931
4872
29685
6363
35856
53905
40942
18698
84319
20285
65024
92092
91462
90104
38424
29700
45265
48852
67162
1306
66877
71088
98224
87861
3012
76130
21545
39879
38183
57673
25994
84712
23511
82393
4138
75506
72476
14160
93219
36728
72364
30382
97120
14496
64564
62398
50586
38078
58298
65553
16636
88926
46522
81797
32715
33022
61403
68930
11558
5794
70956
85923
19714
82222
34230
68076
35205
41888
78563
56843
66300
84841
52414
28697
35019
13386
93248
37820
37012
51168
52116
57505
99216
70793
44662
33184
84988
37459
84035
11860
78159
55535
32777
85847
70509
98242
87733
97012
88129
93095
48572
73084
40532
9471
45945
40726
98864
51280
86433
45944
58720
5810
41279
83748
98862
11548
60891
98805
40683
10628
8872
97274
21263
84064
41102
52743
42454
17794
19616
78651
78746
12886
28746
55330
50064
52526
85597
15297
7746
98352
65850
7924
27885
86881
78860
46605
48197
38752
22521
64808
71503
8574
93136
36509
9759
73619
97326
9804
32601
71582
90021
72010
31819
28024
24448
97433
87039
63428
12599
44547
59034
10966
10733
53558
65299
42279
19736
1426
19125
39502
33636
20874
89097
92740
48029
8155
41721
79691
31259
44946
89559
4819
47334
68478
17707
25761
32299
86157
88150
95258
44394
66554
98816
97113
28438
8130
7898
32089
89425
25904
92800
80709
96016
71245
63509
98901
99524
28435
41847
40448
83600
32840
50530
85539
75472
15445
89922
87156
73567
2283
3968
81154
4951
10571
5696
10907
10949
69784
2420
38837
88631
91674
97703
7209
57653
65010
53626
43322
13500
45715
17478
73360
80304
32962
37341
82041
42006
70320
75712
1746
59360
35583
13446
92570
91702
59843
47662
33556
76296
42887
30645
92674
39694
95087
91940
95187
14007
661
79147
76829
85230
24655
84241
59067
14307
34887
96668
27077
86067
26339
18626
10246
50032
22468
87916
19031
93967
80317
20450
35002
70379
85834
24241
62354
82444
10253
56423
70005
8274
54423
77791
58836
62687
7396
71410
44058
43426
79669
73963
89927
23842
97942
32480
56066
80489
4882
37419
64774
46442
33641
20818
3285
19219
75971
48636
38396
45676
8385
1664
26888
75317
11875
3244
88835
70286
73996
4072
38059
93525
44590
59993
45348
39981
2108
5404
63774
27776
83330
45106
94429
66198
75851
37731
69223
68222
13458
73503
28361
33192
63106
98339
29221
57404
72064
92294
21659
98718
5425
33700
13035
9817
9711
61865
50033
95126
33385
63059
53398
77583
58365
16083
98029
64755
67740
21366
41997
6458
38894
26797
39978
389
94523
56736
97388
91387
33770
82781
41878
25351
15608
53692
70190
65013
43216
35291
81963
37852
68968
43964
45659
48293
73805
67868
99363
87396
84064
28653
91497
68851
70177
21767
49706
70368
12012
777
30712
96283
28974
46589
98109
56734
83476
51161
18073
80763
17499
20731
9499
19657
16430
95655
59015
50747
39791
56690
13253
71520
57147
66577
81613
35983
1647
81653
4779
19624
10523
74980
55778
36895
37383
95364
59675
63195
24095
50368
96812
29037
1080
40916
36555
5638
94384
28398
85519
17598
60678
7957
19553
90247
58691
5141
31714
38868
61828
57901
86891
82526
14948
95950
37732
30591
97135
46949
62834
86381
36541
24546
46734
91881
6412
41946
74540
3614
59297
25990
18180
99945
11103
52722
13699
39200
4807
72815
65897
1985
62466
94199
53062
38851
60765
75741
85283
37742
58095
5267
69466
36752
77103
8905
39221
37268
16212
32144
68281
62044
67889
8398
30030
4777
39658
15963
39983
55443
58239
84940
83519
30051
67327
11890
49776
46233
93460
55908
34973
1436
2022
8273
95464
84469
95322
54214
87265
16209
18658
8614
47859
23039
79088
13784
94832
4004
26456
5088
69923
81614
30613
22391
96792
71844
75693
4069
74465
3751
9148
1495
8031
8864
30945
83479
17526
91393
85951
96884
66921
5084
85835
72090
65184
72879
20344
96846
86627
59829
18537
99669
34373
88113
35621
31658
76001
63275
59212
5807
48315
81681
45041
83725
61489
72237
16970
84866
39567
70013
24451
90584
58846
12226
56539
84192
71899
36396
82571
99882
57437
81423
15346
88768
30005
24056
70847
80292
6915
98428
19547
51396
4486
41651
63980
95554
22931
79095
15857
16067
331
23505
59653
7343
28197
74642
24582
97681
22322
92107
5820
26932
87391
292
39377
22930
78380
26427
26396
7376
45287
12098
76637
4251
79376
97697
25331
84968
225
76084
98388
5002
21812
84679
84680
57043
24045
82677
51073
42336
98714
50269
47916
61056
22449
65599
33945
40452
8957
78347
31568
22252
5529
62711
53511
35354
11261
49497
56870
22009
53163
69365
45047
82552
44193
1391
17232
67491
66434
63744
51937
42031
38653
64744
5162
75756
42293
78507
30629
73601
63550
89287
85354
6175
68349
25924
46639
74564
13716
30375
43457
83848
57764
70329
838
85161
38018
4342
5200
73225
81760
89611
72150
12687
41226
38253
3282
74990
34210
27229
39512
14798
73676
37604
6219
25716
57332
19124
98123
95855
55508
79236
67899
84354
33199
85363
19581
1290
88660
64929
82044
80882
55849
61910
24673
13372
2402
50745
44001
19085
613
87793
42459
83276
64198
68562
39937
99428
24281
29157
84541
32181
58924
93197
24653
2978
66223
99483
28260
24916
1553
4101
67147
14158
96268
43980
64455
14917
95058
61241
63758
9711
73713
71440
28451
76216
14439
89371
18048
3844
43214
42795
98717
46805
1871
27313
12174
9124
60106
92000
56241
99388
89159
23976
60564
28223
64297
23175
52640
79131
80398
20207
74816
48762
89670
36254
94321
89503
21793
66092
70620
78442
47590
92689
8795
6055
67036
13500
9447
97662
54388
15391
87613
92113
66504
47749
14397
55815
9921
48716
14077
88721
57514
88230
8202
49653
94437
86948
56602
43952
91278
84781
79107
25219
30572
75702
33853
25505
77343
71821
4313
4339
48056
37199
89822
22579
91307
19865
17748
79225
10456
20589
7030
4635
62464
25504
40903
10061
44612
2806
56074
11119
67804
2924
25318
16472
77301
13519
5959
69151
30530
63528
26048
76515
40415
25963
94759
33565
85341
70218
86680
10371
11754
32312
48361
6926
81368
95671
90345
50211
78383
3529
17594
85417
10401
8452
67680
98284
15000
43558
24453
30818
39278
90056
73614
97570
95825
60462
60168
75383
89870
98573
20427
96896
79081
26816
1122
24417
28797
65132
30398
77488
64449
74092
11987
56567
33806
32735
76117
21874
86966
73708
2641
59226
42130
84329
24578
61379
25855
60995
66814
44824
28050
23048
39279
17504
10936
38625
46861
15266
69394
96186
82647
28470
28463
60741
55164
95007
12894
40505
2690
99812
8701
52837
99279
55429
48450
19130
58743
9842
10152
47500
12401
69741
40576
8733
59998
82582
54003
99478
31387
6494
93102
62054
1127
45974
46888
43840
44187
97038
85624
71054
97336
703
81669
94683
45489
90069
72717
35493
81807
70848
94485
40489
74468
60989
47202
18010
47325
53103
70644
69824
11022
68217
76816
49034
49347
91944
10269
55866
87496
71387
16181
4892
52231
86728
89277
62036
60138
9258
94155
2337
64375
8431
37511
72969
31960
43873
80708
57443
59753
45963
53637
22443
17815
90868
16166
16427
60593
50531
36177
22072
25097
42417
88063
95136
53927
63638
67808
94444
42861
53075
81282
61413
59831
65787
85936
3740
80445
57273
84609
90550
37346
17745
1497
34212
98123
43100
52702
31075
95400
85902
90213
89117
24610
51166
2892
12802
67414
3871
87418
52710
53796
41162
26671
40823
5918
18860
35261
60699
74623
24015
21088
10006
90496
39663
37646
96524
14278
37600
29023
77023
57443
3336
34175
55456
29581
56365
99002
39554
90972
93433
53918
95864
21804
67767
43123
56991
91986
67751
98452
1846
84119
95489
14398
9460
27737
67804
73884
91093
96180
49876
33377
54300
15036
14895
59678
26053
73575
2262
78329
31836
94017
42334
88343
52014
91532
57067
16217
14390
35060
82705
18618
20124
64442
729
45110
30398
23537
36472
46307
17334
9504
48155
86747
5388
77053
62862
2056
19782
92440
82618
82688
77795
79911
15553
40169
63105
68484
34612
13805
31770
18768
70100
65286
66204
59582
51624
51235
23372
62605
75312
31968
65957
72341
93041
36530
38474
12332
62146
45144
49346
33310
61800
98919
9897
37657
42378
19048
12908
33829
66451
42213
12203
3179
24721
79130
27031
27323
46308
58335
47293
73587
2959
77204
30677
78337
85183
76
31330
65290
33737
25295
30171
57420
64465
53781
58864
37931
35742
95378
90530
87034
5221
59169
87644
70742
65444
44060
63485
65120
74309
17430
86027
30621
83248
87785
49347
45097
9926
86631
3995
89441
58166
53784
29303
47264
26926
2289
99250
25071
60691
74611
39683
46569
36268
6405
2761
1935
60865
40055
53078
50802
87089
89491
68300
89720
63317
14088
64918
63625
48973
65679
85623
74024
47910
55188
82442
39715
58001
94162
56070
48482
31082
88750
53213
88683
74896
7381
68886
18742
10665
89101
89972
20324
34431
36921
26572
93500
92600
84553
15512
91406
11630
46465
7653
61138
89970
20587
64744
93953
60339
74209
29532
32054
1131
76464
94066
10737
86725
7424
60765
44057
13554
96048
23743
6514
5691
91867
35277
14284
52801
21739
56636
36867
7722
15039
80953
43074
4347
46785
54157
84499
43009
46809
17924
72297
88242
97973
45464
76888
11220
41632
54794
78364
45525
91432
46641
67906
55520
68845
21676
58769
62775
16053
68019
16566
3257
23261
56170
38353
58672
20035
69017
45855
59112
78954
85923
23682
41042
77551
19831
86134
81524
65300
85391
60540
85510
478
72529
3788
29423
41422
10201
67862
91138
37216
29874
60288
17217
14393
93731
23634
12986
93794
34586
27405
23132
70028
75772
13984
95153
60402
56307
53144
69722
9673
24442
40227
66856
92184
140
45521
77539
99824
21670
2551
43910
73167
91129
90517
46152
36634
82670
33972
20969
24324
76539
83091
99813
76259
596
12632
71653
36126
31440
22244
5743
87870
68992
2092
10175
80033
10087
28653
87769
5989
72689
83748
92828
50976
3958
57806
35698
38897
73330
87251
19169
58133
81199
43427
72690
43123
86930
68458
3180
38402
26617
87626
85447
53745
75358
37324
43480
86934
58332
99177
52108
1679
83611
7810
68553
62118
97322
31997
46463
29964
4721
17002
54754
70631
99355
79263
3508
87570
666
83923
8995
54112
55457
32429
47726
18129
1574
65235
74132
96503
31159
63093
50132
83548
96223
96897
38029
29262
59650
30534
68162
93676
80568
78619
89387
27749
67414
60004
40103
65451
40549
26238
6270
28506
23824
62111
13321
38414
40358
44891
21631
49846
76342
96123
80331
99083
43374
70774
8093
91111
59179
25328
74399
34285
6345
43492
2148
18394
91920
88818
29710
66464
77349
98886
8779
32870
19045
96245
48271
51370
60070
68454
13255
84431
20636
24840
701
82692
93765
73854
78255
77841
58979
27646
53501
23145
56568
8384
27067
19020
4910
80354
29657
71646
19271
72374
95187
53503
57654
68224
93467
22992
80133
86507
61422
4965
71980
565
32117
55130
3807
48870
52476
29136
97310
44100
35899
30410
595
60516
59408
87083
5622
48167
51619
26457
15191
31474
19577
73910
46873
6160
55044
26682
12864
44546
41319
14052
17423
61526
32669
67436
65872
96885
19723
49824
74663
90706
40769
46488
46516
52759
36978
45784
47640
85349
89527
42429
90915
57041
53339
18663
28394
65493
4179
87798
76429
67653
75831
8369
89625
81712
41873
94754
23500
9440
13808
27800
80393
99341
70871
91341
61732
14307
96115
70187
94651
62870
75220
9385
19553
28698
10127
15481
45646
18621
80850
62327
33736
27855
73985
41053
43198
92161
4667
3095
31925
48574
97089
40145
94108
4735
98800
69066
26156
29178
91015
53717
7966
21516
5240
53713
59833
35720
82450
71536
73261
47870
33070
99961
5353
21044
99030
69273
93204
81295
12996
53490
12092
31526
82280
14422
39438
29674
10958
1292
92460
48137
42765
22570
28319
45839
12576
23419
59088
13325
76095
82895
83687
23726
34395
68736
20402
86980
10151
18107
26387
14416
25168
90958
59792
45081
73661
44475
66484
61744
52212
31958
28610
90984
89037
95391
16755
39460
27720
87732
63154
67875
26242
11349
49975
77536
171
85283
41196
33096
32355
7678
44915
34490
47755
46636
86743
38461
54802
90224
46799
79244
12407
57305
51620
48212
29286
34798
72198
11468
52968
51354
37472
27401
96901
83642
88562
54770
76074
43384
80571
63573
44299
90403
87037
68443
49911
20620
72584
85220
60766
82513
50968
1762
80797
65048
42709
65081
17433
60936
84474
80479
12927
30993
85103
48433
77571
52973
41690
64619
98578
68550
73911
11986
61065
96772
13883
17102
23253
35871
66038
64410
55591
96897
98513
62131
56083
38594
68673
49613
32346
5587
87805
25866
15619
8196
52770
96144
36783
24828
83803
38361
37269
98844
15640
62713
68042
11472
20612
96127
29730
78339
13831
32873
46807
82566
19088
47974
72306
52664
62970
15540
70033
86933
28363
21862
5864
75674
80396
42567
47185
95582
18010
80369
78407
76630
23218
24605
51483
58302
41802
80239
55835
92961
7776
51029
31239
39043
75111
41
41703
3461
96025
50698
71271
23502
45214
48752
42204
56806
81675
58547
24673
21953
96716
35172
5532
46700
28488
11205
70567
34785
20899
74252
4640
4680
5181
75779
44516
26401
84822
51310
46674
81719
25006
87648
82740
76097
48092
61920
2190
29718
80035
43166
94625
29356
58042
9644
65914
54884
14906
45204
628
80163
28202
17783
70365
98222
35300
56571
87357
17012
6279
91571
74041
39091
25785
5076
99450
46797
95940
39679
55144
41788
31360
46459
26054
99085
16843
61078
75896
6457
72705
54944
6431
84259
74909
46329
98065
19218
15691
13795
51224
47899
60172
10389
48923
37507
17479
12645
89123
68780
23380
8425
29384
45898
35387
66099
79659
62494
64636
49110
79273
42866
33850
99150
34781
80226
87469
30623
50967
58114
54799
30196
90512
4268
89949
83455
82615
44552
69095
35717
96976
24040
10215
85024
80651
32646
26481
76792
96823
49934
65289
76009
95495
59267
36918
56784
73147
82534
98735
4569
73021
83470
67534
41702
75941
44865
41700
703
66843
68793
10964
45962
86818
94136
83276
61019
18785
9350
89514
78703
30013
89772
81518
70443
51787
52804
4356
32581
14495
90094
39443
71342
62812
56337
29038
96513
79109
63788
55184
6037
94306
60099
66656
43407
82292
48123
58497
49378
15079
61184
13615
79261
24292
50262
58718
96375
91446
48378
62581
57776
97947
97089
46963
14188
98470
83362
48360
48312
47252
17379
44134
47940
1958
37277
66789
67811
16051
554
18757
25669
22302
51711
62199
3814
12458
39155
35724
25545
35029
81171
72509
25415
90454
41826
40315
51520
32466
22622
56842
52563
84128
29200
96341
13836
46279
5802
15390
54186
8135
61531
80922
71117
27507
59007
97275
44650
95453
70131
71395
14101
79934
69379
71910
39699
8542
97572
42219
65365
42131
62276
99583
96209
79381
27677
62436
28550
59916
23139
58908
41744
75089
12438
60726
52489
97097
97982
20270
26057
96072
68270
35437
17530
39933
72324
50175
12194
23216
37807
58988
28940
44551
97507
64707
82315
23967
20892
87295
31922
18209
27427
12130
78051
34911
23978
34861
20270
14106
34008
78129
60528
6734
13521
43864
51212
92779
73728
40670
53616
31419
53538
10975
44117
98360
69976
21469
79086
63124
89459
34803
86882
39230
76932
10896
67444
84412
85708
57968
26573
15737
20612
75026
14035
50460
87478
34682
74321
19507
67573
80941
37235
29215
9977
33984
25698
68540
39039
67420
73390
99045
82408
40896
38435
83632
47395
95513
91857
56391
42162
81614
61579
87584
45014
40801
1058
58100
92420
94394
36378
5963
63950
91763
61993
70586
79525
9992
64070
4565
94726
4362
53981
65918
12743
63161
21085
40575
77049
92016
86738
10230
27045
76333
74358
70437
61186
64761
27573
49283
7666
61961
61568
35012
98776
22699
71744
14619
76821
79642
71437
70707
63042
80704
59464
57888
90054
55125
80191
195
4609
57779
17640
89158
12078
77671
89785
34506
86789
18967
73795
19048
64943
40369
82974
69608
1206
88852
27018
75165
10098
99707
99896
84147
37274
86786
3494
24841
50533
37287
7942
64779
37691
24735
91081
27210
57580
45120
59445
4427
41629
16888
60131
36703
71981
15289
42596
30679
66067
72164
55706
14585
76920
60186
95583
14817
71276
11845
21915
35679
8654
88026
18845
4602
78619
14698
3408
15104
70723
58995
59729
10038
70208
74556
35614
56605
60885
62118
971
73588
36595
91024
73216
66287
83349
68711
69497
85908
66552
46137
86208
57494
84528
84677
6520
19717
80341
4482
35936
69341
74915
79761
14676
54738
33189
99932
78523
80386
54521
50668
35727
54173
11827
43461
87145
62858
28305
36758
63791
35434
70673
62548
56767
31103
4610
16035
69276
70763
48805
25769
4266
89748
99495
17438
68953
11814
95801
25347
43751
75718
88440
41305
55374
23480
6330
6119
50355
84299
72612
59768
74558
37444
90640
6820
29990
17479
86785
92797
62505
81399
29012
67499
99145
56529
29844
58428
43061
64263
41158
9191
16241
23204
15875
92089
44492
38116
56783
26571
32464
75493
63329
96667
92091
81357
57059
34461
24322
76579
36891
17810
36931
83511
85161
70376
22036
82313
79763
54067
22383
52540
62244
26806
42049
15726
70535
74549
38049
39579
88763
26273
67228
97255
64192
81108
75053
32374
71107
59957
71510
18746
51010
58413
45591
24056
1580
63016
32343
49822
8895
39526
39603
5137
73751
81712
46207
22122
16512
74861
46858
27931
30427
24002
60146
11749
15107
8460
53186
92746
29009
16299
31685
77272
31752
29230
1943
38211
40217
29672
3206
55857
7157
23567
69061
97017
27792
88649
86509
13986
71918
35870
96591
30310
11585
83391
61981
4290
31403
54247
83243
93275
88706
45867
74640
75910
63830
30778
63235
44857
91723
68110
44086
4380
84286
32097
39005
70282
63117
75585
53303
82733
65237
12860
62473
91491
5071
78049
16463
71491
38568
49383
66707
8069
73215
94261
47611
97690
88091
9451
53122
75653
42184
73911
45215
26194
9852
40394
85473
71252
72398
29878
88575
75865
21185
80306
28707
51053
63162
62760
88883
40616
53938
21524
1098
46228
11176
24868
39570
14815
3812
51112
25985
46097
31570
44163
36014
12357
73100
48700
86009
61439
59192
83876
71850
19736
72802
14325
13332
57200
50811
10037
42591
25411
38390
63667
25453
1230
86635
33140
55972
82221
83350
38574
55455
17560
47684
4473
86560
38446
93253
85254
68733
11043
17609
11580
44507
64755
71590
64963
33435
83354
4249
8284
34153
63004
78028
69260
66153
63778
52222
65100
1528
72476
51704
77357
47778
27833
87071
75663
83873
42387
53255
62130
36361
80629
26561
7831
16279
17414
42316
72361
72093
8811
31990
10515
23812
17329
19302
96248
95882
37229
88491
95578
21773
88391
6217
93968
98885
44281
17040
44084
27329
21819
737
74954
35773
92495
27405
80973
79624
87058
97964
41747
72515
31474
38261
51426
59596
89901
2019
52355
84109
55642
23835
21515
7642
24997
59531
71810
91906
6744
91796
90874
1850
91317
83370
38851
6047
55320
57064
42091
31951
68566
39890
99541
31118
31853
32212
99035
66196
70462
33295
84584
25921
66360
47070
32400
77952
98224
40988
58234
41077
1845
34482
57599
43633
79461
61197
68061
18725
84076
29725
57002
47384
37783
73985
75357
92022
94986
89077
15720
53196
88834
64813
63319
76086
50258
80277
65041
13590
92363
8946
86946
63088
12426
47872
96383
77664
35161
43654
80794
73275
81870
94348
33520
49697
81441
5851
97810
38530
82505
11439
64488
80341
62538
39663
36188
87283
27246
87767
79132
22242
71304
3988
227
9555
57366
86115
72949
91122
35186
22138
5772
38385
57508
13076
82743
88070
83504
5572
14764
46692
85938
65635
54129
53289
84394
56540
15950
20681
26648
70346
87977
4789
66297
28947
7499
87190
58925
58327
28724
33790
93108
68690
75120
49363
61189
3571
65316
49558
41910
97719
55922
29683
34008
99581
89938
14976
25040
9455
60021
29752
52528
42063
39401
46869
508
40336
23327
3790
40374
9669
75577
86080
16015
56329
11649
24658
57096
49432
43675
55475
43613
14607
60322
86465
61819
28144
88005
16033
50835
80119
9879
45238
72752
54186
6564
74041
856
27050
28723
68827
85229
10164
12878
22497
63294
34798
95552
90588
73229
86539
82316
73005
49714
71403
37601
91333
26244
91161
82655
92401
75426
38927
44085
65151
95060
16122
56941
61586
2273
90067
81406
70250
85349
65184
50285
33743
65401
38636
9104
22290
70472
78121
33844
71087
80871
41235
82477
83889
40571
33841
50353
98259
23473
57432
26039
5713
55595
55712
80665
73027
52173
19852
50484
89171
91865
31771
81037
15665
24234
45484
62055
54101
62691
83130
49948
21877
53848
75863
1856
44735
99833
62685
96374
77563
97662
34460
75488
58937
50797
78760
79477
54221
956
58839
74381
89706
91054
16113
75264
82315
84420
2217
77876
219
27602
56961
64458
19677
64953
17360
30767
53417
88392
99893
5437
8763
25712
82350
5797
95021
60644
27816
41754
15336
10974
41215
65418
36022
51426
32653
10409
25713
11695
66502
7778
55588
94396
53610
85623
40775
24723
30847
7519
48780
34253
87591
86845
14453
28730
83128
43884
96138
76826
55319
8996
57818
46611
5652
98206
11301
24536
99892
5302
22298
4075
21412
19405
94156
70329
67788
43674
22818
32815
92319
42312
78062
9530
62208
8431
34636
91918
88009
74265
73208
52206
36223
16367
47652
64043
12088
57127
91442
82911
8889
17467
63003
31130
78896
79328
74125
35226
17977
83165
65613
23555
44380
59875
16635
98561
57155
51476
8903
63534
80168
14552
54613
57188
24625
84767
90974
98686
97765
20680
29488
47472
73690
37676
6512
29808
59978
74716
98990
83711
97606
99275
54491
51550
12645
9533
65626
90628
92544
48444
20675
58668
1034
41411
14118
38925
22737
13640
71052
17877
18218
205
12380
6790
4470
27621
15042
91659
81259
35802
32398
59441
4785
72003
5312
18340
38488
36053
96248
14554
18116
2623
57663
94335
24314
59516
2011
86939
49796
82469
60169
18218
31174
97575
95843
84200
70532
48104
42264
67767
6531
71496
54872
18615
37032
63292
16950
61427
7570
49632
34702
6864
91729
90013
92925
25628
43033
67003
15717
96704
89015
24763
88987
90027
55917
49599
9968
58034
66703
17573
83789
81013
45100
15353
43392
51881
67942
39943
72145
5807
36282
10778
49607
3504
86492
45362
98919
30873
42000
21996
64634
66805
37905
79097
68673
84178
11255
94430
61238
87534
1001
17541
913
5618
66292
85142
9925
11380
49845
90838
89831
11611
43289
9877
6938
29384
36664
21520
95511
5756
29397
48339
29301
20696
26009
35975
96862
34373
27999
7152
21650
31851
6118
19192
80800
4075
47384
48711
35882
93378
97888
18518
30641
28444
28905
83982
37472
77376
77999
939
61718
18690
16807
68123
34828
54127
77077
21816
57186
36314
59089
292
7212
8372
50670
44223
97628
9227
79579
16123
61518
10199
67927
3915
39899
1141
24479
50355
55980
86470
71700
64487
80585
61306
63184
10879
43963
10462
57450
90466
25376
50543
30059
14541
90391
55116
6710
68636
96119
14122
9681
64406
31086
4380
70864
2570
46479
90314
19057
34008
90769
81676
60112
52040
70307
48064
98709
50779
86443
72649
55345
83453
82536
21342
65374
43524
56726
54988
49203
10575
83178
12628
36661
86118
43792
57505
28819
31354
27938
80615
42019
9381
35905
24963
24340
34591
48200
70244
14594
47910
61206
62946
84457
96929
18782
86727
47590
94782
17001
18560
87482
11259
94926
97879
77977
93001
57390
90258
29422
98649
42885
23952
7417
20092
72802
64924
46284
38904
31183
27400
51062
57874
31899
64886
85717
67946
94142
14319
38820
70916
81218
87263
44411
92306
58217
32756
257
82453
49287
31105
88312
5016
33146
65755
13868
83476
99714
4070
15823
70750
76915
30374
13135
70285
75471
45373
31367
91961
81164
45071
98465
42430
31508
26919
19270
24262
55066
71563
61281
89343
25568
51889
48153
90454
79922
9526
99000
52296
49293
8980
20809
39298
2088
62166
54011
29789
36521
59135
52743
13116
23386
65558
75567
36259
37262
15346
74515
69619
72499
15347
62955
80942
34987
63321
7421
592
9168
26450
82576
24168
28520
62670
57032
55352
10720
20594
68700
97336
73867
97109
10887
93259
6231
45262
88619
21733
56343
91918
13250
10
30833
90210
7349
23228
74856
81054
60452
27500
17041
45898
30840
54415
6905
84451
37473
60259
98580
89497
23916
47509
57336
653
29375
93528
4371
25251
2509
68262
48180
97893
78069
10183
5023
95048
79623
13970
77359
77984
80261
64259
23322
2311
42197
51568
54932
25924
46431
90348
78425
7285
23487
71267
58857
34492
87009
53948
15108
68369
3114
92705
56614
99638
93925
11962
14826
55265
84896
84246
51356
75044
1189
80815
64048
55678
49040
31137
55475
67311
72635
35262
71851
87606
56698
15842
90230
7748
69325
36623
86737
68968
84426
51712
2776
65872
5762
48542
70248
89734
10473
74654
4801
87191
91612
12157
46843
27915
27372
17603
26217
44815
1267
32183
2356
26631
91503
24176
70107
51842
66128
54028
76385
12447
78634
86081
73222
30221
46529
31335
58788
5648
43079
73340
62685
25321
36356
96577
89335
12231
99777
87271
33747
69061
10796
61807
91628
11958
49546
89336
40605
12107
9232
26570
2986
84266
21180
1973
88146
26119
70769
76349
82134
29582
46553
7861
75378
93320
15046
97738
77373
23972
12032
11077
42875
67172
83988
72970
52753
80472
36912
13310
17968
91428
84455
22419
5294
99994
76004
78545
4872
13381
81526
3102
3766
76163
7088
99802
9565
69124
94988
88379
83943
71342
80436
71113
48356
29538
99504
68612
99680
4195
54660
58764
93965
67499
85569
74558
64285
23137
95056
67104
93178
92306
25568
74875
77953
18355
77552
72101
52449
96448
54457
10200
41950
8189
98503
8084
21983
74456
3390
78542
74409
83278
99194
40183
47590
26467
92306
151
8889
3380
21769
5114
47309
15493
22701
22440
50846
28698
89076
87643
66625
66405
77999
8406
14257
51295
19987
56045
60485
13512
79609
4146
96327
5196
9426
21668
55458
37427
57967
70178
35692
66455
89885
3424
29684
73067
73361
33280
43592
61625
1744
68023
51988
58410
84242
16208
83523
80320
63901
4554
96152
86018
12914
24954
66919
21343
21981
3938
46230
31406
58485
8040
15677
99710
29164
42685
3785
75248
49027
27166
19976
10137
84358
44177
40956
22044
12411
16058
16486
64176
27681
63413
50984
44625
57786
61830
91624
44474
30922
26690
35793
15546
95333
86589
83929
11042
3504
72496
67013
42752
32987
50276
48561
83423
47362
65634
47506
7448
47478
35957
89502
56224
55013
53225
47197
59239
46242
80906
43417
32146
31633
81591
82209
75964
88620
27242
70815
60163
39438
50056
89653
30160
37836
98118
85882
44646
23541
88903
26246
9338
99259
93774
50262
50413
73120
73686
69389
23667
71489
4167
52576
53757
75862
62835
14127
27870
94416
54296
28429
33282
87745
39141
20002
94005
30731
30150
54770
64315
4913
58318
75047
53842
2737
37248
60682
28756
80037
54414
28621
65750
34869
89110
26920
44744
1084
59708
31009
21402
89318
22576
42334
39150
51616
5868
83293
81255
17205
92821
80528
7481
90367
13001
58469
59075
49232
662
82026
64252
48758
29769
53902
39297
33038
37966
66090
96227
17243
78301
49894
81882
80504
90500
47362
62285
71220
27218
13056
18677
16964
30267
12921
44921
73368
91472
79880
3695
66898
80424
20296
56401
15638
15248
50497
47658
19337
93567
89575
12607
87149
37627
60483
64551
70208
92353
49867
673
35565
47036
33365
97072
15962
37240
48982
59643
23367
51438
19461
78151
51687
15926
44304
93861
18439
76518
89679
36004
88703
67671
16963
2819
87965
96819
59702
37367
31975
81621
78832
34300
63078
8054
96593
49892
20718
920
88669
20850
44064
6534
51758
39463
85711
29166
85071
4492
13432
520
24167
12774
61895
15069
4165
70570
86623
50285
64920
21239
74734
21679
16980
3124
80742
52444
6396
11594
91757
76758
51855
12200
71452
8445
72704
25459
34881
28328
77326
17749
29039
46580
27846
72358
11525
47166
12196
39116
3167
74687
10245
16813
55180
41245
56601
57773
834
77445
90752
14293
72926
8963
46894
15253
5529
14566
94608
25030
85257
10356
70919
38433
32247
44820
41693
8308
16193
6855
3792
27453
42872
99972
93277
89990
19226
73806
45878
38917
35579
70166
89892
15789
59878
23463
95785
55796
73385
78993
20528
87905
26367
27311
22618
58128
39487
64813
65003
43275
31028
96316
73525
83411
11557
87027
65235
52721
7417
48642
83652
31615
83957
23480
31778
24274
72184
93552
94257
22827
90401
46307
20678
67622
23391
16339
76501
41118
21046
58040
79547
79752
94601
71702
47774
96358
22762
94883
90744
7026
44254
9754
36147
99102
30878
56311
96632
35631
48100
47747
25861
37972
3063
47354
28727
85363
1553
5913
79976
58057
70759
19882
76311
50369
51292
53680
49167
69390
23996
98402
49187
94862
45912
59176
86398
34776
68941
59379
30026
79361
98646
90142
96554
64808
76717
63835
31684
76084
21410
28951
18214
16123
38389
63856
24955
35601
61927
56212
95244
23803
14436
31040
31044
85427
84518
59524
79866
17793
19348
5111
52353
73383
64490
79522
83089
72032
66355
58107
8723
20642
13766
37822
52105
89662
10260
30599
8477
45450
46074
43544
91711
19197
83675
43736
20962
12078
60572
68826
10048
57334
84129
2945
53084
5064
80984
80291
13079
39773
97309
50450
84280
11226
28447
61384
91366
63221
1668
24459
8607
64368
77840
53536
61268
28786
9703
80042
66615
66675
51238
96835
35916
88826
81745
17746
80642
96972
28556
73347
44216
29035
1278
93825
28182
81755
72257
72164
2481
97012
93947
70140
1632
89160
76097
71398
79635
6418
48460
47270
17903
16429
80090
51726
49342
80271
77465
7356
48268
75194
38012
87961
47588
1580
34953
94497
64117
7025
95538
73252
87903
99713
705
85787
24987
8391
96469
66699
98162
91617
78730
78916
62956
79621
91826
1598
40760
67511
44824
46242
55408
20443
30609
11137
70806
39964
49125
36298
79335
12595
78707
84970
46918
51722
73587
66251
92488
5595
70691
40923
17270
84917
64271
90309
97485
40542
61029
379
53582
76294
32417
13808
40685
20901
24646
78244
3968
16760
24544
4869
20415
88337
68051
32566
14918
88758
60476
96032
83499
33903
13065
23751
34385
81330
83628
64987
43538
9929
75718
44326
4816
94410
6675
2778
21497
96449
96620
64932
29178
8709
84370
34214
47067
11076
39323
70122
71468
81480
72715
77656
27695
5031
47358
66184
97122
9322
45547
88725
91427
97049
65231
51696
38551
94682
40198
59184
35687
42909
98306
98748
48306
42415
60509
4614
84504
4141
99550
45466
47398
8878
76155
80684
22830
2461
26874
26057
79070
33631
65414
83950
19041
67750
16107
9886
99059
164
20632
22799
94716
29972
49085
23116
52431
58551
92691
28224
99547
68333
50243
53903
44734
32631
38204
31852
32360
5503
21580
85674
81634
11064
75258
52736
63501
5571
84177
41195
76851
71378
28398
95820
39278
48382
20549
31694
40923
67418
83205
85485
2743
30142
8643
60311
95917
61310
48173
87956
74273
18611
31794
64484
30395
67456
60033
88407
53046
78107
3120
81185
66577
36011
48544
84827
58777
58902
40748
84500
20892
7218
5328
96870
64066
49316
68683
7846
58427
59930
33739
85871
12790
24137
62286
24701
41445
21892
24008
10299
62186
8865
91691
64882
83964
27259
70160
50782
70410
17438
19685
38016
70710
50405
58862
63160
98244
9700
83740
94585
44620
68275
84623
10790
95198
86088
94671
57763
28103
50796
41811
88476
58508
5542
7228
77461
61253
67009
96466
39289
58286
98108
92995
34987
40458
26806
50904
45640
44245
31190
56488
3922
24272
19390
25833
50099
71587
56152
33115
8114
4688
43404
88359
94660
74268
84765
57866
53531
22816
52335
45954
74114
98510
24691
22912
10425
23541
67402
21294
50083
16361
26591
8255
80245
89410
62350
1264
46994
74322
28555
48339
28046
59088
92434
54808
73108
3954
41406
90493
56419
93460
39390
13193
58181
43247
81796
81907
19861
18872
72294
66622
58848
33332
5452
76694
49665
56137
39110
77814
94965
47104
97693
1714
20959
89813
53020
87128
13951
66836
34994
58280
55863
69828
6483
88111
91533
27665
39913
23203
8469
83930
80423
97587
54260
7022
18837
75202
76193
3615
82159
15441
80940
26793
90955
8714
46419
74050
32867
44261
44125
99810
18575
57596
57064
7082
23130
23627
27686
84026
86413
25898
75750
46379
76387
23375
68570
81412
46940
44294
73302
87340
22880
28357
29613
36559
82839
72822
63854
39952
71664
211
46712
35424
94763
45053
77484
61519
70164
81068
86389
50836
64377
16501
41569
96947
75597
55939
63046
50342
37810
13617
37670
1246
8884
83982
71766
51469
10691
73985
99364
49649
92180
4183
75401
53628
79222
60551
58657
12413
77165
28434
80344
48205
87874
93254
3858
80591
57379
30347
40251
79330
13348
157
38485
71022
33289
80669
96363
4069
59685
37869
18761
33632
40199
14709
84920
41674
26935
8376
69503
22009
56280
22804
99825
93348
44184
28812
58848
64543
57804
75166
42099
56274
30039
90234
70162
590
82237
92763
12119
75896
89193
74647
76305
50692
43701
85779
32984
20892
33364
78190
64862
68977
34997
41325
35431
41935
93601
76185
40929
26786
68342
47903
27055
71398
13084
50717
81180
6159
76911
71520
82028
63609
4481
21985
58653
71658
62595
51209
68541
90442
29739
76904
10572
15559
73691
2326
55628
29344
44290
91099
4373
17776
16554
87081
83344
4269
53025
10639
16549
27744
82101
13608
42558
43859
17218
58776
80353
61213
23313
35121
17980
63648
93832
67865
25422
90348
74950
66963
45399
30425
30751
25903
54268
39700
78247
54013
6592
984
26979
15390
61079
64781
30403
12167
90016
37557
42038
85392
74517
52505
31940
29266
27247
86251
28511
16284
23464
73002
51380
27796
73065
79571
46849
61042
61348
98522
33318
52931
21660
15713
60028
40639
69915
72538
41528
32985
41779
99527
24841
47167
1912
15511
23485
65863
47049
37071
56291
214
72950
16548
45752
37041
546
75285
33967
32332
61327
79316
59743
59920
99539
92008
66151
15880
95206
79401
23580
63406
68389
72398
56203
20986
11587
57143
7894
63686
54870
40965
36687
18448
9824
2882
27997
15106
25292
72406
59689
79698
61331
95491
9747
99341
61795
67851
67161
74971
3010
46173
15188
19946
96928
18597
95301
19194
11620
40707
1367
48776
94108
60305
53026
99106
82050
13707
85702
24568
53604
12758
74908
7249
18183
81966
86134
72072
7743
99274
59672
34826
34160
38400
69425
14059
55897
54445
76537
23004
22714
52059
98314
72315
59957
19694
24674
63980
38410
7078
23044
20262
5566
79240
38989
22447
16966
69782
97786
83639
54795
49386
59369
5758
78249
87739
9057
47100
34236
86495
66871
73590
20107
6947
94215
40539
89703
64687
64506
35155
50505
45625
12832
36043
30215
81197
29939
5816
41819
47035
43533
74629
85740
27178
91417
84349
82505
84695
51908
73047
8388
83829
61482
62359
2918
97352
82647
31305
50985
91068
49953
93431
64872
78951
84732
11358
14948
85591
91811
74256
43119
94263
42444
30490
16855
16313
83050
6103
22953
75245
5089
62198
57292
13372
53354
22381
23551
40699
48038
57960
13902
33460
63052
39080
56528
49137
90959
27930
60056
28539
44365
49917
25832
85737
46508
49855
77032
54087
86512
12372
43471
41632
37076
20745
34085
91678
99485
79486
11641
60448
37161
5376
46505
77702
78595
16623
34534
9422
78870
45848
49651
63893
67038
69590
57599
1237
47052
88284
84188
10642
7317
1265
8253
32725
71857
8927
58374
28332
90408
74029
93283
95599
89851
86730
90433
98984
38181
46901
56054
46938
13858
91865
12066
22408
84136
57390
33787
48076
92046
8417
54099
60111
5363
21790
47648
48836
67402
98667
42330
68445
62505
96334
65868
59579
84037
58028
26685
57024
1076
64460
14224
90996
1144
17440
54370
75064
67028
69025
49091
5701
44347
34255
