99998
99988
99985
99981
99979
99974
99970
99967
99955
99950
99932
99931
99930
99923
99913
99890
99886
99885
99881
99878
99875
99845
99829
99828
99817
99805
99803
99774
99773
99763
99753
99751
99731
99719
99714
99707
99695
99690
99681
99679
99671
99659
99647
99644
99630
99629
99629
99626
99617
99603
99548
99532
99527
99499
99492
99485
99477
99476
99473
99460
99460
99445
99412
99408
99401
99375
99370
99359
99345
99342
99323
99310
99297
99292
99283
99269
99260
99259
99233
99232
99229
99226
99214
99210
99209
99200
99177
99163
99159
99133
99125
99119
99116
99115
99110
99094
99085
99080
99073
99040
99034
99028
99027
99019
99001
98997
98995
98977
98973
98950
98922
98912
98897
98894
98890
98881
98837
98830
98829
98822
98807
98787
98776
98766
98765
98761
98760
98760
98746
98741
98733
98709
98707
98689
98688
98687
98685
98674
98658
98644
98614
98606
98604
98600
98589
98573
98546
98505
98499
98496
98491
98427
98423
98410
98406
98400
98393
98389
98386
98384
98366
98339
98334
98318
98301
98301
98300
98281
98273
98259
98238
98238
98236
98234
98230
98219
98204
98188
98182
98176
98172
98150
98142
98141
98140
98135
98073
98071
98052
98044
98040
98026
98014
98000
97998
97995
97991
97987
97984
97981
97977
97974
97971
97966
97937
97936
97927
97896
97873
97872
97846
97844
97836
97835
97831
97828
97823
97816
97810
97806
97804
97799
97790
97771
97767
97762
97761
97756
97753
97752
97750
97745
97740
97727
97721
97715
97712
97702
97701
97693
97683
97682
97682
97673
97672
97661
97661
97660
97651
97644
97636
97633
97627
97578
97565
97557
97547
97533
97510
97500
97499
97498
97494
97487
97452
97443
97439
97438
97438
97426
97413
97412
97399
97380
97378
97359
97342
97341
97332
97308
97301
97300
97285
97280
97274
97260
97232
97227
97217
97205
97205
97200
97196
97175
97163
97149
97139
97120
97110
97074
97067
97050
97042
97039
97039
97026
97004
96974
96972
96959
96949
96948
96944
96929
96907
96904
96899
96890
96890
96880
96873
96869
96862
96854
96852
96851
96835
96817
96815
96803
96796
96794
96791
96785
96773
96769
96743
96742
96739
96737
96734
96718
96711
96692
96690
96687
96680
96680
96652
96646
96636
96627
96616
96613
96610
96604
96591
96582
96579
96574
96574
96563
96559
96542
96530
96524
96514
96507
96504
96500
96477
96465
96435
96425
96416
96414
96402
96399
96394
96385
96383
96359
96338
96319
96316
96299
96283
96271
96258
96248
96231
96224
96224
96218
96212
96208
96205
96194
96185
96185
96178
96157
96151
96146
96141
96137
96135
96119
96111
96109
96100
96085
96081
96051
96045
96031
96025
96014
96005
95988
95984
95975
95956
95949
95948
95923
95920
95912
95892
95884
95884
95873
95871
95845
95832
95830
95820
95820
95819
95813
95801
95797
95797
95772
95757
95733
95733
95715
95713
95712
95711
95708
95700
95699
95689
95660
95658
95640
95620
95611
95606
95592
95573
95556
95554
95541
95541
95515
95511
95500
95490
95480
95459
95431
95417
95402
95401
95391
95380
95375
95362
95362
95351
95348
95336
95335
95333
95313
95312
95310
95308
95300
95297
95294
95288
95287
95284
95263
95255
95224
95215
95212
95177
95168
95159
95158
95154
95143
95141
95139
95132
95132
95129
95124
95117
95107
95094
95089
95073
95070
95045
95042
95021
95019
95010
95007
95004
94981
94976
94960
94953
94951
94932
94927
94920
94909
94909
94880
94872
94865
94864
94863
94857
94857
94855
94848
94837
94817
94779
94769
94747
94733
94724
94720
94712
94710
94709
94697
94675
94675
94668
94665
94661
94658
94657
94649
94647
94645
94635
94634
94613
94613
94611
94603
94578
94562
94557
94557
94555
94554
94550
94539
94536
94535
94534
94530
94518
94484
94467
94464
94463
94458
94456
94451
94448
94439
94425
94421
94406
94399
94391
94376
94376
94359
94346
94331
94330
94315
94312
94305
94297
94293
94293
94273
94268
94266
94250
94244
94235
94232
94232
94214
94203
94201
94192
94191
94191
94177
94165
94159
94152
94129
94113
94112
94062
94049
94043
94019
94014
94014
94013
94009
93980
93929
93913
93903
93889
93882
93880
93880
93854
93819
93803
93793
93789
93788
93751
93742
93741
93688
93685
93683
93680
93658
93643
93640
93634
93626
93619
93602
93596
93587
93569
93567
93544
93540
93512
93503
93497
93494
93488
93487
93481
93474
93467
93456
93443
93437
93423
93420
93413
93407
93406
93402
93391
93382
93363
93354
93349
93347
93336
93332
93281
93269
93261
93251
93242
93228
93220
93214
93197
93173
93166
93155
93129
93121
93119
93106
93092
93056
93026
93024
93023
93014
93009
92999
92994
92989
92979
92975
92965
92960
92939
92924
92922
92922
92861
92844
92841
92810
92799
92792
92776
92766
92757
92756
92753
92745
92741
92739
92737
92737
92736
92735
92726
92711
92684
92683
92677
92675
92675
92644
92644
92639
92619
92614
92613
92611
92609
92568
92565
92563
92560
92558
92554
92553
92541
92527
92520
92500
92495
92452
92429
92395
92370
92356
92342
92335
92334
92322
92318
92302
92283
92272
92261
92256
92244
92242
92235
92230
92230
92214
92209
92205
92202
92201
92200
92198
92192
92185
92184
92162
92150
92140
92113
92110
92110
92092
92092
92090
92066
92044
92041
92011
92010
92008
91990
91989
91977
91971
91970
91970
91969
91926
91917
91902
91900
91896
91891
91884
91858
91851
91833
91824
91822
91817
91810
91804
91789
91768
91767
91765
91765
91757
91756
91753
91749
91745
91735
91731
91727
91715
91687
91677
91659
91649
91639
91638
91637
91632
91593
91588
91558
91549
91547
91547
91546
91532
91529
91513
91508
91499
91479
91469
91453
91446
91432
91415
91412
91404
91398
91385
91380
91344
91339
91322
91292
91284
91267
91267
91253
91248
91225
91202
91201
91183
91179
91167
91147
91134
91132
91121
91119
91106
91103
91102
91101
91091
91086
91075
91069
91068
91067
91056
91052
91048
91005
91003
91000
90996
90985
90971
90966
90963
90962
90945
90945
90942
90940
90917
90916
90863
90836
90835
90834
90833
90830
90805
90801
90765
90743
90740
90731
90722
90700
90660
90658
90646
90635
90623
90609
90609
90590
90583
90579
90574
90573
90571
90564
90544
90539
90517
90498
90492
90479
90478
90478
90455
90454
90442
90439
90408
90393
90382
90372
90370
90369
90331
90319
90316
90312
90308
90306
90305
90304
90296
90284
90282
90277
90272
90271
90270
90253
90238
90236
90229
90223
90183
90182
90178
90144
90139
90139
90136
90133
90130
90125
90112
90107
90102
90101
90095
90094
90094
90077
90076
90059
90055
90031
90018
89986
89971
89970
89934
89910
89905
89892
89887
89881
89875
89868
89865
89860
89855
89843
89831
89818
89815
89795
89787
89780
89775
89763
89761
89742
89736
89733
89708
89703
89689
89685
89650
89641
89640
89638
89614
89605
89584
89574
89561
89530
89516
89515
89511
89490
89483
89472
89471
89463
89454
89452
89444
89429
89423
89411
89409
89407
89403
89390
89390
89390
89357
89352
89348
89348
89339
89337
89330
89313
89298
89297
89297
89296
89289
89285
89277
89267
89262
89252
89246
89242
89226
89188
89170
89168
89156
89151
89141
89135
89132
89115
89114
89103
89087
89078
89067
89063
89052
89049
89021
89017
89010
89003
89001
88989
88985
88982
88973
88964
88934
88924
88915
88902
88862
88811
88811
88790
88779
88770
88768
88749
88743
88742
88731
88708
88699
88695
88677
88670
88669
88652
88648
88643
88642
88641
88632
88627
88620
88618
88594
88588
88587
88573
88563
88561
88556
88544
88533
88506
88499
88496
88474
88454
88447
88447
88444
88439
88435
88425
88405
88380
88376
88366
88364
88363
88359
88358
88356
88343
88316
88302
88301
88288
88275
88265
88263
88244
88232
88226
88225
88217
88217
88216
88212
88189
88182
88175
88174
88159
88154
88152
88136
88131
88127
88126
88117
88111
88091
88056
88043
88042
88039
88031
88015
88013
88011
88003
87991
87991
87965
87947
87944
87939
87932
87922
87910
87898
87872
87869
87866
87864
87862
87861
87848
87847
87846
87837
87831
87823
87822
87814
87812
87807
87797
87784
87769
87767
87765
87764
87755
87743
87734
87734
87727
87719
87696
87680
87658
87654
87640
87636
87617
87616
87605
87573
87561
87543
87541
87514
87502
87492
87475
87470
87467
87453
87453
87437
87437
87429
87423
87340
87331
87329
87327
87318
87281
87276
87274
87274
87255
87252
87216
87205
87201
87192
87186
87176
87156
87126
87125
87122
87117
87117
87115
87108
87104
87103
87085
87084
87084
87073
87070
87030
87025
87014
86977
86939
86935
86932
86929
86915
86909
86894
86871
86856
86846
86822
86821
86792
86786
86768
86744
86744
86730
86719
86716
86709
86706
86697
86690
86684
86657
86647
86636
86635
86608
86604
86600
86598
86596
86591
86576
86576
86553
86542
86534
86533
86531
86509
86503
86502
86499
86495
86469
86435
86418
86406
86404
86387
86362
86354
86354
86352
86339
86333
86306
86297
86294
86277
86275
86272
86267
86267
86264
86257
86256
86248
86240
86225
86203
86157
86147
86146
86137
86133
86104
86100
86097
86084
86072
86067
86059
86056
86049
86044
86033
86022
86020
86008
85992
85968
85958
85948
85946
85946
85945
85941
85940
85938
85938
85927
85926
85901
85896
85889
85886
85880
85877
85873
85848
85848
85817
85798
85790
85788
85783
85774
85757
85750
85740
85706
85689
85654
85601
85584
85579
85537
85536
85518
85512
85511
85500
85494
85487
85476
85472
85467
85450
85431
85426
85426
85409
85407
85402
85396
85387
85373
85352
85350
85342
85342
85320
85316
85310
85308
85304
85299
85274
85234
85233
85225
85219
85219
85210
85180
85178
85161
85153
85153
85123
85122
85120
85118
85075
85073
85064
85049
85044
85032
85025
85022
85017
85010
85009
84990
84989
84975
84973
84972
84961
84923
84914
84903
84893
84893
84888
84856
84847
84846
84843
84831
84828
84822
84820
84796
84792
84786
84775
84771
84764
84750
84734
84709
84707
84700
84698
84690
84675
84668
84613
84609
84601
84588
84583
84581
84579
84555
84543
84523
84519
84501
84500
84499
84497
84494
84490
84482
84473
84471
84463
84456
84451
84432
84425
84423
84417
84416
84400
84391
84385
84382
84373
84330
84328
84307
84290
84283
84256
84254
84232
84227
84226
84219
84218
84216
84208
84194
84193
84182
84175
84174
84146
84131
84130
84102
84099
84096
84085
84078
84070
84067
84063
84056
84051
84049
84046
84044
84037
84028
84024
83999
83990
83984
83975
83971
83966
83962
83954
83949
83935
83922
83917
83915
83911
83904
83897
83894
83885
83883
83881
83880
83859
83849
83832
83829
83828
83808
83783
83782
83772
83767
83765
83754
83742
83717
83707
83705
83699
83695
83685
83680
83675
83666
83659
83658
83656
83651
83639
83634
83634
83628
83615
83603
83580
83574
83565
83542
83536
83520
83504
83502
83491
83485
83476
83472
83470
83468
83459
83454
83446
83442
83430
83426
83423
83420
83417
83414
83406
83395
83383
83382
83369
83356
83334
83327
83324
83309
83302
83300
83299
83277
83263
83254
83247
83221
83216
83206
83205
83202
83176
83176
83164
83164
83147
83140
83136
83125
83125
83121
83086
83065
83053
83005
82983
82982
82979
82967
82964
82936
82929
82897
82888
82854
82847
82840
82832
82825
82816
82806
82801
82796
82781
82779
82777
82771
82750
82749
82741
82731
82723
82722
82719
82707
82697
82697
82692
82684
82679
82650
82634
82633
82632
82625
82624
82622
82605
82604
82595
82586
82583
82582
82579
82560
82560
82540
82520
82498
82478
82471
82469
82464
82455
82422
82414
82404
82404
82402
82400
82371
82365
82363
82354
82329
82315
82263
82262
82255
82254
82250
82242
82216
82187
82179
82176
82140
82137
82136
82133
82130
82123
82114
82113
82110
82107
82098
82093
82065
82055
82043
82034
82031
82031
82016
82005
81999
81990
81982
81982
81977
81965
81957
81953
81916
81911
81902
81890
81885
81885
81885
81884
81858
81854
81839
81835
81822
81809
81786
81742
81733
81711
81692
81684
81673
81661
81622
81618
81607
81595
81577
81575
81567
81552
81525
81513
81507
81491
81486
81476
81474
81471
81447
81446
81439
81423
81423
81420
81417
81413
81403
81402
81399
81379
81379
81345
81334
81327
81315
81308
81306
81288
81253
81252
81244
81228
81223
81221
81221
81169
81166
81137
81119
81115
81110
81098
81097
81089
81067
81056
81031
81025
81021
80992
80981
80975
80972
80952
80949
80940
80928
80907
80895
80861
80815
80801
80772
80769
80769
80768
80765
80753
80751
80745
80723
80715
80711
80688
80687
80685
80685
80679
80677
80672
80659
80658
80656
80629
80625
80621
80620
80605
80596
80591
80583
80581
80544
80544
80544
80543
80537
80519
80489
80482
80471
80462
80462
80454
80443
80426
80410
80407
80389
80379
80378
80368
80362
80347
80341
80340
80315
80306
80278
80274
80273
80266
80263
80253
80250
80247
80239
80231
80221
80220
80203
80183
80166
80155
80146
80121
80106
80066
80056
80029
80003
79999
79996
79949
79934
79918
79916
79894
79884
79837
79819
79810
79790
79787
79745
79738
79729
79725
79705
79700
79690
79686
79683
79664
79641
79634
79622
79621
79616
79611
79599
79572
79570
79536
79528
79521
79521
79516
79514
79506
79504
79484
79483
79481
79462
79458
79454
79441
79436
79429
79418
79406
79404
79399
79356
79328
79320
79316
79306
79303
79298
79295
79289
79283
79278
79268
79263
79250
79244
79239
79224
79217
79195
79164
79158
79156
79132
79111
79110
79092
79078
79073
79072
79056
79055
79048
79038
79023
79019
79008
78988
78982
78963
78948
78930
78915
78913
78897
78893
78866
78858
78838
78837
78829
78828
78824
78821
78817
78806
78799
78768
78765
78764
78760
78744
78731
78730
78718
78716
78705
78704
78699
78680
78677
78672
78672
78662
78647
78645
78640
78618
78618
78617
78616
78614
78610
78597
78592
78570
78551
78527
78526
78523
78514
78501
78494
78493
78492
78479
78478
78462
78460
78458
78447
78442
78428
78418
78408
78400
78396
78388
78383
78383
78378
78371
78371
78362
78340
78337
78337
78330
78311
78284
78274
78272
78263
78246
78239
78236
78235
78233
78228
78211
78210
78208
78207
78184
78173
78173
78172
78148
78130
78129
78115
78115
78114
78095
78095
78094
78077
78066
78057
78051
78046
78024
78020
78019
78019
78016
78013
77974
77974
77963
77940
77931
77917
77907
77900
77900
77891
77884
77883
77853
77828
77828
77817
77815
77814
77814
77811
77777
77772
77772
77757
77735
77717
77700
77696
77696
77682
77668
77667
77656
77652
77652
77648
77644
77643
77574
77565
77540
77538
77528
77514
77504
77492
77458
77447
77444
77431
77423
77419
77415
77394
77390
77376
77375
77366
77366
77365
77363
77352
77350
77304
77300
77288
77285
77280
77261
77258
77256
77252
77247
77235
77216
77215
77202
77159
77147
77137
77113
77109
77107
77093
77090
77080
77074
77040
77036
77022
77018
76958
76950
76942
76927
76919
76904
76869
76868
76866
76860
76850
76840
76837
76836
76822
76821
76818
76815
76770
76757
76746
76734
76733
76721
76704
76698
76694
76694
76681
76667
76665
76661
76652
76650
76633
76622
76609
76589
76575
76562
76559
76548
76538
76535
76517
76506
76487
76481
76475
76469
76456
76437
76415
76405
76403
76382
76373
76369
76337
76332
76330
76330
76322
76285
76278
76276
76273
76267
76262
76260
76258
76256
76242
76225
76221
76207
76205
76200
76195
76191
76189
76189
76187
76186
76159
76153
76136
76113
76097
76097
76094
76086
76086
76081
76035
76035
76023
75970
75969
75961
75935
75933
75914
75914
75909
75902
75892
75890
75880
75863
75857
75854
75853
75838
75836
75834
75829
75811
75807
75806
75802
75800
75790
75745
75736
75734
75715
75707
75686
75671
75666
75662
75636
75618
75608
75605
75595
75588
75562
75542
75531
75527
75526
75498
75493
75488
75474
75441
75437
75433
75419
75418
75408
75403
75395
75391
75389
75380
75380
75372
75365
75341
75321
75314
75306
75302
75299
75294
75285
75274
75266
75246
75245
75243
75238
75235
75218
75191
75159
75137
75115
75107
75086
75055
75050
75044
75039
75019
75017
75015
75004
74999
74997
74986
74981
74978
74974
74966
74922
74905
74900
74887
74872
74851
74851
74845
74840
74831
74818
74799
74793
74789
74789
74786
74777
74772
74740
74715
74706
74696
74690
74683
74681
74675
74656
74627
74597
74591
74590
74584
74578
74561
74555
74537
74531
74517
74517
74496
74488
74482
74475
74469
74460
74415
74402
74357
74356
74335
74324
74323
74289
74279
74271
74266
74248
74229
74214
74211
74211
74210
74201
74167
74166
74164
74160
74153
74152
74151
74133
74127
74121
74112
74106
74101
74096
74089
74070
74070
74070
74060
74059
74054
74049
74023
74019
74019
74017
74017
74011
73998
73991
73990
73981
73977
73977
73972
73970
73957
73952
73950
73948
73946
73936
73935
73907
73905
73902
73893
73891
73871
73866
73866
73863
73863
73850
73837
73822
73811
73802
73799
73788
73784
73781
73780
73767
73767
73746
73739
73713
73703
73669
73664
73644
73631
73621
73594
73593
73577
73576
73562
73561
73556
73535
73532
73532
73521
73516
73510
73509
73490
73466
73453
73449
73448
73447
73447
73425
73411
73398
73394
73382
73378
73372
73372
73354
73337
73336
73334
73332
73296
73282
73258
73257
73255
73238
73234
73212
73207
73192
73191
73176
73160
73145
73115
73111
73104
73097
73095
73094
73089
73087
73078
73063
73054
73029
72980
72980
72971
72966
72945
72941
72937
72935
72923
72923
72899
72843
72828
72823
72822
72816
72805
72797
72796
72789
72773
72752
72747
72738
72691
72678
72664
72641
72641
72635
72633
72620
72620
72617
72613
72596
72580
72580
72552
72546
72537
72522
72520
72516
72512
72501
72494
72485
72473
72473
72468
72466
72438
72438
72424
72401
72386
72377
72375
72375
72352
72323
72300
72290
72283
72280
72256
72239
72231
72213
72209
72207
72182
72137
72136
72114
72099
72097
72070
72060
72056
72055
72052
72047
72042
72040
72021
72011
71989
71986
71981
71963
71954
71924
71917
71915
71911
71893
71883
71877
71857
71831
71827
71826
71778
71775
71769
71744
71707
71703
71695
71691
71683
71682
71673
71671
71661
71650
71635
71635
71625
71607
71602
71601
71594
71586
71566
71558
71553
71539
71537
71520
71519
71502
71487
71470
71450
71441
71440
71437
71428
71417
71409
71402
71400
71393
71389
71369
71367
71365
71359
71355
71354
71336
71318
71303
71299
71286
71254
71210
71204
71195
71177
71169
71165
71160
71157
71151
71143
71142
71140
71140
71119
71107
71092
71079
71065
71062
71042
71023
71013
71012
70993
70985
70981
70976
70950
70941
70938
70938
70916
70915
70913
70913
70908
70906
70899
70850
70840
70839
70816
70816
70813
70808
70790
70776
70772
70768
70756
70746
70732
70725
70716
70701
70657
70651
70639
70616
70615
70592
70588
70579
70548
70541
70524
70522
70514
70513
70509
70496
70494
70489
70473
70458
70455
70437
70431
70397
70394
70363
70362
70361
70346
70342
70335
70335
70330
70329
70316
70288
70288
70280
70276
70269
70268
70254
70249
70243
70234
70215
70204
70202
70198
70197
70183
70180
70174
70172
70151
70143
70137
70121
70107
70107
70106
70101
70094
70086
70081
70080
70077
70077
70076
70071
70058
70056
70052
70050
70048
70042
70016
69996
69991
69979
69976
69964
69964
69912
69904
69902
69899
69896
69884
69866
69858
69849
69839
69837
69822
69820
69813
69807
69805
69805
69793
69787
69786
69764
69762
69750
69742
69741
69738
69736
69722
69714
69710
69698
69685
69683
69655
69650
69648
69621
69579
69568
69538
69513
69510
69498
69491
69465
69459
69446
69445
69416
69401
69394
69393
69389
69382
69363
69361
69355
69353
69337
69335
69308
69299
69288
69275
69274
69257
69252
69252
69240
69231
69216
69188
69184
69179
69175
69173
69164
69145
69142
69123
69116
69112
69111
69092
69072
69070
69068
69061
69060
69051
69050
69034
68998
68998
68996
68988
68982
68980
68973
68966
68964
68950
68934
68927
68919
68918
68913
68911
68911
68907
68894
68891
68880
68866
68864
68837
68804
68798
68786
68781
68775
68767
68757
68746
68738
68727
68726
68691
68685
68683
68653
68646
68619
68602
68583
68563
68559
68544
68525
68521
68510
68508
68502
68497
68492
68485
68475
68446
68444
68426
68424
68418
68382
68377
68373
68364
68350
68349
68328
68324
68320
68318
68317
68314
68295
68293
68269
68261
68255
68248
68247
68242
68238
68207
68199
68148
68130
68119
68110
68104
68096
68069
68059
68054
68050
68043
68032
68031
68026
67985
67981
67967
67962
67951
67944
67938
67884
67879
67877
67873
67869
67824
67816
67813
67809
67805
67765
67762
67760
67749
67739
67724
67717
67704
67699
67691
67685
67681
67665
67657
67655
67655
67654
67654
67618
67590
67589
67573
67539
67534
67533
67526
67522
67520
67509
67507
67506
67502
67491
67490
67482
67468
67464
67418
67417
67414
67411
67408
67404
67399
67384
67383
67383
67374
67372
67363
67351
67346
67344
67334
67328
67301
67293
67288
67279
67264
67252
67240
67218
67212
67193
67186
67185
67139
67130
67121
67108
67098
67089
67071
67053
67040
67040
67039
67006
66998
66997
66975
66962
66961
66939
66930
66929
66925
66910
66907
66884
66880
66879
66853
66851
66850
66849
66838
66835
66817
66813
66807
66787
66776
66763
66751
66725
66706
66697
66688
66662
66649
66646
66634
66626
66623
66548
66537
66520
66513
66501
66500
66492
66486
66476
66467
66463
66455
66449
66441
66421
66418
66400
66384
66378
66375
66366
66358
66348
66345
66344
66333
66327
66325
66315
66300
66298
66281
66279
66271
66268
66254
66245
66236
66234
66234
66207
66199
66176
66158
66146
66142
66139
66129
66106
66086
66081
66079
66075
66073
66071
66058
66056
66039
66032
66029
65999
65987
65984
65965
65959
65955
65951
65940
65922
65922
65919
65878
65869
65863
65858
65829
65825
65820
65813
65790
65774
65742
65742
65724
65721
65714
65710
65707
65693
65692
65690
65679
65673
65671
65670
65639
65639
65632
65632
65630
65621
65584
65516
65514
65504
65504
65488
65479
65470
65455
65455
65447
65440
65375
65365
65360
65351
65348
65326
65322
65297
65292
65281
65277
65274
65262
65260
65226
65219
65215
65190
65182
65178
65178
65177
65155
65147
65144
65115
65114
65111
65102
65096
65083
65082
65077
65072
65044
65028
65018
65013
65013
64993
64988
64983
64954
64950
64943
64939
64896
64892
64890
64874
64871
64870
64853
64842
64840
64833
64818
64792
64767
64741
64711
64710
64691
64689
64678
64665
64664
64653
64652
64640
64632
64626
64617
64605
64589
64587
64586
64584
64582
64542
64530
64525
64500
64492
64492
64489
64483
64476
64474
64469
64468
64464
64453
64447
64439
64437
64430
64422
64410
64408
64403
64387
64387
64380
64378
64377
64372
64371
64358
64346
64343
64334
64313
64312
64305
64302
64286
64262
64238
64226
64225
64213
64210
64207
64204
64200
64184
64176
64166
64163
64155
64153
64143
64140
64122
64112
64086
64085
64078
64064
64039
64030
64029
64017
64004
63997
63995
63989
63988
63987
63953
63949
63943
63924
63911
63885
63880
63866
63862
63861
63849
63843
63825
63825
63783
63757
63734
63719
63718
63706
63702
63692
63684
63682
63679
63678
63674
63657
63634
63617
63613
63601
63600
63588
63585
63584
63582
63577
63552
63545
63541
63540
63511
63506
63491
63490
63487
63486
63471
63436
63435
63431
63392
63390
63379
63360
63355
63347
63341
63340
63327
63319
63299
63288
63287
63283
63280
63267
63266
63261
63259
63256
63236
63234
63234
63232
63217
63212
63204
63198
63189
63188
63169
63155
63150
63128
63127
63114
63099
63098
63096
63077
63073
63070
63068
63042
63041
63025
63021
62995
62989
62986
62971
62945
62921
62902
62896
62894
62892
62869
62863
62844
62829
62818
62803
62799
62793
62770
62769
62763
62760
62743
62732
62708
62707
62688
62661
62630
62623
62609
62604
62597
62597
62594
62585
62574
62570
62565
62557
62538
62532
62514
62503
62503
62501
62500
62482
62477
62474
62466
62464
62452
62448
62447
62414
62414
62408
62393
62375
62363
62355
62355
62353
62351
62334
62302
62296
62289
62284
62281
62278
62273
62235
62233
62228
62225
62223
62198
62175
62169
62157
62136
62128
62126
62123
62122
62087
62084
62068
62067
62066
62063
62059
62036
62036
62032
62026
62023
62010
62000
61991
61982
61981
61972
61967
61956
61935
61933
61919
61911
61907
61906
61884
61877
61871
61869
61840
61836
61821
61821
61803
61775
61766
61759
61750
61740
61712
61701
61671
61668
61625
61617
61607
61588
61586
61571
61546
61543
61528
61524
61520
61516
61515
61511
61504
61496
61470
61463
61442
61414
61395
61393
61374
61344
61335
61324
61315
61298
61293
61287
61278
61255
61249
61244
61243
61237
61212
61211
61202
61201
61184
61177
61170
61149
61109
61108
61102
61087
61083
61064
61050
61048
61046
61024
61014
61007
60992
60986
60978
60956
60944
60942
60920
60908
60907
60883
60865
60854
60851
60844
60840
60837
60827
60821
60800
60785
60780
60772
60754
60749
60748
60720
60696
60679
60673
60657
60650
60644
60632
60631
60628
60620
60612
60598
60598
60592
60570
60558
60553
60530
60525
60514
60511
60500
60488
60488
60484
60459
60456
60445
60431
60428
60415
60405
60397
60357
60353
60336
60329
60323
60309
60291
60287
60262
60262
60252
60243
60242
60240
60232
60231
60226
60224
60222
60221
60207
60207
60193
60192
60188
60185
60181
60178
60164
60161
60150
60127
60120
60118
60114
60101
60078
60069
60049
60048
60046
60046
60024
60020
60017
60005
59976
59963
59951
59944
59943
59933
59914
59906
59901
59879
59878
59862
59845
59823
59811
59797
59794
59773
59773
59771
59760
59748
59739
59735
59729
59696
59692
59682
59671
59657
59638
59637
59633
59625
59622
59613
59610
59608
59607
59596
59583
59580
59573
59561
59532
59502
59500
59493
59479
59475
59440
59429
59425
59421
59418
59412
59397
59395
59373
59362
59359
59343
59337
59335
59327
59307
59300
59272
59267
59256
59254
59254
59241
59206
59201
59198
59177
59176
59172
59168
59156
59127
59114
59085
59078
59075
59074
59038
59035
59017
58999
58988
58971
58962
58950
58918
58908
58903
58889
58886
58884
58879
58856
58855
58828
58820
58817
58788
58770
58766
58757
58753
58724
58690
58684
58676
58674
58662
58662
58662
58654
58652
58647
58647
58635
58632
58611
58575
58563
58561
58560
58527
58524
58509
58494
58490
58475
58464
58455
58429
58426
58414
58388
58371
58348
58348
58335
58335
58332
58314
58313
58306
58305
58284
58274
58266
58256
58256
58250
58238
58222
58213
58211
58198
58190
58189
58188
58188
58178
58168
58143
58127
58100
58093
58073
58066
58041
58040
58032
58031
58023
57985
57951
57946
57941
57939
57936
57918
57910
57897
57884
57879
57840
57812
57785
57769
57765
57748
57732
57719
57715
57714
57696
57691
57684
57676
57675
57666
57640
57637
57623
57615
57612
57605
57603
57596
57582
57572
57566
57565
57562
57542
57535
57526
57518
57512
57493
57469
57467
57462
57453
57408
57390
57343
57288
57284
57278
57278
57265
57262
57251
57233
57230
57215
57195
57180
57173
57172
57146
57140
57131
57129
57125
57099
57086
57084
57083
57075
57073
57068
57066
57065
57065
57059
57054
57054
57028
57027
57025
57004
56990
56976
56976
56950
56942
56941
56941
56940
56934
56928
56922
56891
56891
56890
56888
56877
56876
56873
56861
56854
56848
56848
56847
56844
56838
56836
56833
56816
56791
56789
56788
56758
56740
56737
56730
56728
56716
56695
56694
56661
56655
56630
56629
56625
56612
56610
56600
56582
56549
56544
56528
56522
56512
56490
56477
56471
56456
56397
56351
56341
56332
56331
56318
56317
56312
56311
56301
56294
56275
56272
56264
56247
56211
56207
56199
56194
56181
56180
56171
56153
56152
56151
56148
56134
56128
56125
56109
56092
56069
56061
56042
56030
56021
56011
55999
55994
55994
55991
55988
55957
55952
55947
55938
55920
55902
55894
55892
55885
55882
55881
55869
55863
55863
55863
55860
55847
55845
55843
55843
55842
55831
55811
55802
55773
55770
55761
55751
55750
55738
55715
55709
55707
55691
55683
55678
55670
55638
55631
55629
55625
55616
55610
55591
55579
55577
55566
55564
55544
55539
55538
55538
55530
55507
55505
55488
55484
55483
55475
55472
55467
55454
55437
55434
55433
55425
55419
55406
55391
55380
55371
55369
55363
55351
55348
55339
55326
55313
55296
55295
55277
55264
55259
55255
55234
55226
55225
55202
55193
55183
55180
55173
55172
55163
55150
55144
55140
55133
55122
55118
55105
55087
55085
55083
55077
55061
55057
55051
55048
55028
55023
55022
55014
55000
54998
54979
54977
54974
54965
54931
54931
54919
54910
54902
54875
54868
54859
54856
54855
54852
54851
54849
54839
54826
54814
54795
54767
54756
54751
54748
54748
54743
54732
54732
54724
54724
54716
54714
54695
54693
54672
54663
54652
54645
54640
54639
54600
54599
54582
54569
54546
54537
54535
54531
54526
54472
54465
54445
54445
54444
54443
54440
54434
54414
54409
54401
54400
54356
54341
54338
54338
54335
54323
54316
54291
54275
54270
54265
54259
54255
54252
54251
54250
54229
54215
54204
54200
54178
54116
54105
54088
54052
54020
54009
53989
53975
53936
53912
53909
53896
53893
53885
53875
53866
53862
53860
53829
53803
53787
53776
53766
53763
53753
53721
53714
53709
53706
53703
53688
53673
53659
53654
53647
53644
53640
53626
53606
53605
53596
53590
53579
53574
53566
53545
53542
53521
53518
53506
53500
53486
53433
53415
53405
53404
53398
53386
53364
53364
53347
53336
53324
53316
53313
53283
53256
53251
53249
53239
53232
53230
53230
53206
53167
53144
53143
53138
53136
53131
53128
53119
53115
53110
53106
53100
53098
53093
53064
53055
53051
53044
53042
53008
52994
52990
52987
52983
52931
52927
52912
52879
52869
52866
52857
52849
52833
52822
52821
52800
52775
52771
52742
52739
52739
52708
52704
52699
52699
52665
52652
52650
52645
52645
52642
52624
52531
52527
52526
52522
52503
52495
52491
52474
52471
52470
52467
52460
52458
52424
52413
52393
52376
52374
52371
52339
52335
52334
52333
52299
52282
52273
52268
52259
52244
52238
52236
52233
52207
52194
52193
52180
52177
52176
52164
52163
52150
52131
52131
52101
52064
52059
52043
52031
52018
52017
52012
52008
52008
51989
51972
51958
51944
51933
51925
51918
51912
51907
51901
51887
51857
51852
51852
51834
51832
51806
51800
51800
51788
51776
51761
51729
51711
51685
51682
51673
51668
51657
51656
51651
51644
51641
51639
51632
51629
51627
51625
51624
51603
51575
51575
51571
51569
51568
51560
51548
51544
51519
51504
51477
51469
51460
51417
51416
51415
51408
51401
51397
51394
51387
51386
51377
51351
51334
51324
51323
51319
51314
51313
51312
51295
51294
51292
51281
51262
51261
51249
51227
51222
51216
51216
51215
51210
51177
51160
51128
51126
51121
51112
51096
51096
51096
51084
51067
51058
51048
51047
51041
51038
51038
51034
51029
51023
51020
51014
50985
50975
50965
50942
50937
50925
50900
50878
50873
50862
50835
50831
50827
50825
50823
50791
50784
50762
50751
50740
50735
50726
50710
50692
50684
50684
50671
50663
50656
50650
50638
50636
50631
50622
50622
50611
50604
50595
50592
50575
50572
50568
50555
50552
50548
50538
50534
50500
50479
50478
50477
50466
50453
50450
50436
50428
50421
50414
50407
50393
50383
50375
50365
50359
50336
50316
50310
50298
50287
50267
50253
50200
50187
50185
50181
50169
50169
50167
50152
50150
50148
50120
50117
50117
50112
50109
50101
50092
50090
50087
50086
50075
50055
50052
50047
50028
50026
50022
50016
50010
50006
49992
49981
49963
49961
49959
49956
49938
49930
49924
49923
49917
49904
49891
49858
49835
49831
49825
49822
49807
49804
49777
49740
49716
49703
49698
49697
49679
49675
49674
49656
49653
49641
49607
49581
49563
49529
49514
49504
49489
49486
49471
49456
49454
49435
49413
49398
49342
49335
49319
49300
49297
49285
49271
49257
49243
49240
49223
49218
49182
49179
49137
49134
49130
49130
49130
49100
49095
49092
49078
49078
49072
49069
49024
49009
48967
48961
48936
48930
48929
48915
48906
48895
48881
48857
48838
48825
48822
48795
48795
48788
48785
48784
48782
48778
48775
48770
48762
48762
48721
48711
48708
48682
48623
48618
48615
48602
48600
48596
48589
48588
48583
48580
48579
48576
48573
48561
48545
48542
48534
48512
48503
48502
48496
48472
48471
48424
48423
48416
48416
48415
48405
48397
48393
48378
48369
48358
48350
48346
48334
48312
48305
48289
48281
48281
48249
48239
48238
48201
48193
48191
48187
48186
48186
48163
48152
48145
48132
48121
48118
48113
48113
48106
48088
48082
48073
48064
48063
48058
48051
48042
48041
48040
48010
47993
47993
47992
47991
47964
47959
47914
47908
47896
47889
47882
47873
47866
47841
47841
47840
47840
47825
47823
47818
47817
47804
47800
47790
47785
47785
47781
47780
47778
47774
47763
47761
47749
47742
47741
47741
47737
47732
47729
47726
47725
47721
47721
47719
47709
47693
47684
47684
47683
47654
47645
47633
47631
47628
47620
47607
47605
47590
47520
47502
47499
47498
47494
47489
47481
47480
47459
47458
47443
47440
47432
47424
47407
47399
47398
47388
47373
47366
47355
47355
47348
47346
47332
47316
47284
47279
47266
47265
47261
47259
47221
47211
47204
47187
47175
47173
47159
47144
47140
47139
47120
47105
47088
47088
47086
47085
47061
47055
47029
47013
47002
47002
46995
46989
46988
46976
46969
46968
46952
46924
46919
46882
46873
46867
46864
46837
46812
46802
46800
46796
46788
46783
46778
46769
46744
46741
46737
46712
46706
46696
46684
46682
46673
46658
46644
46642
46640
46639
46632
46619
46606
46596
46595
46580
46568
46566
46560
46547
46539
46522
46522
46519
46508
46459
46451
46448
46443
46439
46414
46400
46380
46378
46377
46376
46359
46346
46344
46338
46303
46292
46279
46223
46223
46217
46212
46201
46187
46187
46185
46170
46163
46162
46147
46133
46130
46128
46121
46115
46103
46098
46085
46080
46066
46054
46050
46039
46037
46030
46014
46007
46006
46005
46002
45990
45965
45953
45937
45930
45919
45912
45904
45898
45888
45855
45843
45842
45839
45829
45818
45811
45810
45801
45773
45772
45765
45735
45731
45727
45715
45678
45673
45656
45646
45641
45638
45623
45622
45594
45579
45574
45572
45568
45554
45531
45526
45497
45496
45491
45491
45490
45467
45458
45458
45446
45444
45443
45427
45423
45388
45386
45377
45372
45365
45356
45352
45350
45343
45336
45329
45320
45310
45308
45288
45252
45251
45249
45243
45218
45212
45195
45185
45166
45147
45146
45137
45127
45127
45123
45120
45101
45081
45057
45044
45041
45025
45012
45011
45002
44995
44995
44988
44977
44940
44929
44927
44924
44923
44910
44906
44903
44903
44894
44894
44893
44876
44872
44864
44861
44827
44825
44819
44816
44811
44795
44778
44759
44746
44743
44729
44704
44702
44694
44692
44686
44681
44669
44661
44660
44659
44641
44619
44616
44578
44561
44539
44526
44522
44510
44507
44498
44496
44495
44495
44486
44477
44463
44456
44455
44445
44442
44432
44417
44410
44409
44407
44404
44399
44373
44370
44351
44333
44314
44311
44308
44286
44281
44263
44213
44211
44210
44186
44177
44175
44172
44148
44134
44128
44115
44113
44111
44102
44099
44095
44090
44086
44076
44052
44025
44008
44004
43993
43990
43961
43959
43954
43954
43944
43926
43926
43925
43922
43910
43895
43870
43864
43855
43845
43844
43843
43841
43839
43813
43808
43801
43794
43787
43781
43778
43767
43765
43763
43762
43761
43748
43736
43713
43708
43699
43676
43675
43646
43632
43629
43623
43621
43621
43615
43607
43590
43580
43580
43579
43571
43546
43546
43524
43521
43489
43487
43485
43484
43480
43475
43469
43459
43436
43423
43421
43418
43372
43345
43339
43337
43332
43325
43324
43306
43299
43272
43262
43254
43230
43217
43211
43202
43202
43201
43189
43185
43185
43167
43162
43151
43126
43122
43121
43113
43099
43097
43097
43093
43089
43086
43084
43050
43049
43042
43036
42999
42997
42995
42992
42990
42987
42987
42961
42959
42953
42925
42918
42917
42914
42885
42885
42883
42872
42830
42827
42805
42790
42788
42785
42782
42778
42734
42732
42699
42695
42695
42669
42667
42659
42657
42652
42652
42651
42620
42612
42582
42567
42551
42526
42522
42501
42498
42480
42474
42472
42463
42449
42448
42445
42432
42416
42403
42399
42394
42378
42372
42372
42369
42360
42358
42350
42347
42340
42326
42324
42310
42310
42279
42274
42254
42241
42225
42224
42208
42188
42182
42176
42126
42104
42088
42067
42062
42060
42052
42043
42035
42031
42013
42005
41995
41984
41979
41972
41966
41944
41943
41923
41922
41910
41907
41881
41864
41859
41827
41827
41820
41818
41813
41807
41784
41782
41777
41774
41770
41768
41746
41745
41745
41742
41712
41705
41702
41689
41681
41676
41675
41668
41664
41655
41623
41617
41602
41583
41572
41569
41568
41543
41518
41515
41515
41514
41511
41499
41491
41476
41467
41447
41444
41429
41428
41422
41409
41381
41369
41324
41316
41301
41291
41270
41252
41245
41242
41226
41221
41212
41210
41180
41176
41175
41153
41145
41132
41130
41096
41090
41085
41061
41049
41044
41044
41035
41026
41003
40990
40989
40988
40986
40968
40960
40958
40947
40932
40930
40929
40921
40913
40894
40891
40877
40872
40870
40862
40862
40859
40848
40836
40797
40796
40786
40785
40779
40776
40768
40766
40760
40750
40722
40706
40705
40702
40697
40684
40670
40666
40664
40663
40657
40654
40635
40617
40616
40611
40577
40567
40564
40552
40545
40531
40523
40517
40478
40463
40457
40453
40445
40432
40430
40427
40406
40397
40376
40370
40366
40360
40345
40344
40339
40337
40324
40322
40319
40317
40311
40299
40297
40282
40282
40276
40273
40265
40260
40233
40229
40218
40216
40212
40208
40193
40187
40176
40168
40164
40157
40150
40137
40135
40132
40129
40128
40106
40105
40091
40077
40074
40068
40057
40041
40021
40019
40019
40012
40005
40005
40002
40000
39969
39956
39945
39943
39939
39923
39910
39902
39882
39871
39861
39853
39845
39844
39844
39842
39833
39805
39796
39770
39746
39735
39734
39731
39710
39708
39689
39679
39678
39655
39652
39652
39644
39633
39630
39624
39619
39618
39582
39568
39547
39545
39533
39528
39525
39459
39442
39437
39426
39419
39397
39397
39387
39372
39371
39364
39354
39354
39348
39338
39331
39328
39315
39297
39273
39271
39269
39267
39264
39252
39240
39225
39218
39202
39199
39180
39178
39165
39158
39137
39130
39108
39092
39081
39063
39010
39009
38989
38949
38945
38932
38926
38925
38921
38915
38913
38910
38909
38907
38886
38878
38876
38872
38871
38855
38850
38844
38837
38819
38816
38813
38809
38795
38786
38780
38754
38750
38744
38729
38709
38708
38688
38681
38680
38669
38668
38651
38638
38616
38607
38594
38572
38569
38562
38559
38559
38552
38534
38524
38519
38519
38519
38514
38511
38503
38485
38483
38482
38480
38469
38449
38432
38425
38422
38417
38409
38409
38404
38402
38400
38396
38391
38386
38361
38356
38354
38341
38337
38327
38323
38320
38320
38305
38284
38267
38245
38240
38221
38215
38211
38206
38205
38195
38184
38171
38166
38160
38158
38151
38117
38115
38094
38093
38085
38077
38046
38035
38011
38007
38004
37997
37985
37984
37981
37967
37965
37964
37949
37938
37936
37918
37912
37899
37892
37869
37856
37842
37833
37823
37810
37807
37801
37794
37789
37774
37763
37762
37761
37756
37750
37748
37742
37729
37716
37708
37706
37704
37694
37693
37684
37680
37678
37676
37672
37656
37652
37617
37611
37598
37596
37590
37589
37589
37579
37563
37563
37558
37551
37537
37526
37505
37498
37483
37477
37477
37474
37453
37412
37400
37388
37380
37368
37364
37340
37339
37338
37328
37326
37313
37303
37300
37289
37281
37279
37260
37249
37242
37238
37232
37225
37206
37195
37191
37163
37151
37141
37129
37127
37117
37109
37103
37096
37093
37091
37088
37085
37072
37069
37068
37065
37060
37058
37048
37043
37039
37032
37028
37028
37008
36998
36984
36984
36977
36973
36971
36951
36947
36941
36933
36927
36916
36913
36908
36906
36872
36867
36854
36836
36832
36825
36807
36804
36795
36765
36763
36763
36755
36752
36743
36735
36726
36725
36694
36691
36683
36670
36666
36666
36665
36638
36629
36626
36612
36606
36598
36594
36560
36560
36546
36545
36524
36502
36487
36482
36478
36467
36463
36445
36431
36431
36422
36411
36397
36391
36385
36367
36358
36356
36347
36346
36337
36329
36307
36299
36283
36273
36258
36255
36241
36236
36233
36232
36229
36211
36191
36177
36175
36174
36164
36159
36156
36142
36130
36122
36119
36118
36109
36106
36097
36095
36084
36065
36063
36063
36059
36054
36052
36049
36042
36026
36024
36020
36005
35996
35995
35989
35989
35979
35974
35970
35962
35958
35943
35931
35929
35927
35926
35913
35907
35891
35887
35884
35882
35881
35879
35879
35876
35874
35840
35840
35834
35824
35810
35800
35793
35784
35781
35770
35766
35757
35747
35745
35745
35732
35720
35700
35687
35682
35656
35656
35649
35635
35620
35617
35605
35601
35590
35580
35555
35555
35550
35534
35466
35448
35442
35438
35431
35423
35423
35386
35372
35358
35336
35303
35302
35288
35269
35259
35248
35246
35230
35205
35199
35190
35161
35126
35084
35074
35056
35033
35024
35018
35018
35016
35012
35004
34982
34960
34953
34953
34942
34918
34895
34893
34890
34886
34850
34850
34836
34834
34831
34824
34814
34796
34794
34789
34777
34751
34739
34692
34682
34678
34654
34641
34631
34628
34613
34595
34580
34535
34528
34522
34503
34499
34475
34467
34449
34440
34435
34429
34405
34405
34402
34392
34316
34273
34262
34255
34252
34241
34240
34235
34214
34205
34175
34149
34147
34128
34115
34075
34070
34067
34059
34052
34048
34044
34035
34022
34013
34012
33978
33977
33973
33949
33942
33941
33922
33913
33913
33913
33866
33863
33861
33859
33850
33841
33839
33826
33826
33812
33806
33804
33779
33774
33771
33753
33750
33745
33718
33689
33680
33675
33673
33647
33643
33642
33625
33619
33618
33600
33579
33577
33573
33559
33556
33538
33507
33496
33480
33475
33468
33468
33467
33443
33435
33427
33425
33406
33404
33374
33361
33358
33331
33329
33329
33298
33288
33278
33254
33252
33249
33241
33237
33234
33233
33231
33225
33209
33201
33197
33195
33190
33189
33173
33148
33146
33136
33113
33111
33106
33100
33071
33057
33057
33056
33050
33038
33038
33025
33022
32999
32998
32998
32964
32959
32957
32930
32925
32921
32901
32896
32890
32856
32855
32852
32846
32845
32844
32843
32839
32835
32830
32823
32809
32808
32788
32787
32787
32782
32782
32751
32750
32746
32746
32740
32736
32734
32731
32695
32689
32661
32651
32634
32630
32627
32620
32601
32600
32586
32586
32566
32540
32537
32536
32530
32507
32434
32433
32418
32401
32399
32395
32392
32391
32387
32381
32359
32339
32334
32319
32283
32274
32273
32268
32260
32223
32212
32207
32198
32197
32190
32177
32167
32142
32137
32098
32077
32060
32045
32044
32036
32020
32003
31997
31994
31987
31976
31975
31955
31942
31936
31933
31913
31890
31887
31885
31877
31870
31863
31858
31857
31850
31839
31838
31832
31827
31824
31820
31819
31807
31787
31780
31764
31758
31750
31741
31740
31738
31727
31720
31691
31673
31673
31662
31652
31647
31637
31628
31624
31618
31615
31613
31585
31557
31528
31526
31497
31489
31487
31482
31477
31471
31469
31464
31453
31441
31428
31420
31418
31406
31391
31385
31382
31376
31365
31358
31354
31340
31332
31321
31317
31281
31280
31254
31238
31237
31233
31231
31223
31203
31201
31201
31196
31195
31189
31160
31155
31114
31093
31080
31056
31042
31025
31012
30973
30958
30947
30947
30933
30929
30920
30915
30914
30910
30878
30874
30852
30843
30839
30830
30829
30815
30812
30810
30802
30795
30792
30785
30784
30769
30761
30761
30749
30736
30731
30728
30692
30685
30676
30669
30668
30663
30649
30639
30634
30633
30613
30611
30606
30606
30600
30596
30574
30574
30562
30555
30490
30483
30472
30447
30444
30432
30430
30417
30414
30408
30408
30381
30380
30367
30363
30348
30347
30344
30340
30336
30326
30321
30320
30292
30287
30282
30269
30262
30261
30258
30252
30234
30234
30222
30197
30169
30156
30149
30146
30142
30131
30114
30103
30103
30101
30100
30099
30093
30091
30088
30085
30084
30070
30058
30055
30055
30040
29993
29953
29947
29926
29916
29910
29906
29899
29895
29878
29865
29860
29841
29840
29822
29798
29771
29771
29750
29747
29707
29686
29678
29674
29667
29657
29654
29638
29627
29625
29616
29614
29603
29587
29579
29551
29531
29530
29517
29509
29508
29505
29471
29471
29447
29439
29428
29419
29392
29386
29379
29363
29358
29353
29350
29340
29338
29327
29306
29301
29298
29285
29271
29269
29263
29255
29253
29231
29202
29194
29193
29190
29182
29157
29150
29113
29108
29099
29098
29098
29097
29074
29071
29070
29070
29059
29050
29029
29029
29017
29012
29006
28996
28996
28987
28954
28939
28937
28927
28915
28908
28900
28897
28887
28857
28853
28849
28846
28835
28835
28824
28807
28777
28762
28760
28759
28752
28731
28713
28709
28704
28687
28669
28650
28644
28638
28626
28626
28589
28586
28586
28559
28557
28550
28543
28535
28533
28528
28511
28491
28482
28470
28469
28468
28465
28458
28445
28383
28375
28372
28366
28366
28357
28357
28342
28340
28332
28328
28324
28320
28306
28297
28286
28279
28277
28263
28235
28230
28210
28206
28198
28186
28182
28177
28164
28162
28144
28140
28121
28087
28084
28052
28052
28045
28043
28036
28033
28031
28030
28016
28010
27996
27991
27991
27982
27978
27961
27949
27948
27926
27923
27922
27921
27914
27913
27906
27896
27895
27883
27878
27877
27877
27874
27850
27843
27823
27823
27803
27780
27773
27764
27754
27724
27697
27695
27689
27680
27667
27632
27623
27616
27611
27596
27596
27586
27585
27567
27561
27559
27547
27533
27522
27513
27509
27508
27505
27488
27481
27468
27461
27452
27439
27438
27432
27419
27409
27404
27403
27401
27397
27329
27322
27316
27315
27312
27309
27305
27295
27292
27249
27240
27239
27218
27217
27208
27202
27201
27200
27192
27181
27172
27162
27154
27149
27149
27144
27144
27131
27124
27121
27116
27114
27106
27100
27098
27089
27070
27066
27064
27063
27057
27054
27032
27021
27014
27011
27003
26985
26971
26933
26917
26909
26899
26899
26890
26873
26866
26858
26839
26834
26833
26795
26795
26794
26774
26774
26771
26771
26759
26758
26754
26735
26732
26731
26731
26721
26708
26694
26661
26640
26636
26614
26598
26594
26587
26568
26560
26551
26549
26547
26531
26531
26526
26520
26503
26501
26496
26488
26462
26439
26420
26418
26408
26406
26392
26385
26352
26346
26338
26337
26310
26293
26292
26275
26268
26258
26241
26236
26227
26221
26206
26197
26192
26183
26182
26175
26175
26164
26149
26146
26135
26134
26130
26107
26096
26091
26087
26079
26068
26065
26060
26057
26050
26035
26032
26030
26022
26019
25986
25982
25959
25947
25944
25942
25934
25933
25932
25930
25929
25928
25923
25916
25915
25914
25907
25892
25881
25881
25880
25876
25868
25863
25858
25845
25822
25818
25803
25785
25776
25764
25750
25750
25744
25738
25737
25728
25722
25715
25710
25684
25655
25653
25644
25608
25597
25594
25591
25590
25574
25540
25536
25529
25513
25506
25479
25474
25471
25450
25385
25368
25363
25362
25348
25334
25333
25326
25322
25290
25285
25261
25232
25225
25220
25214
25206
25206
25179
25164
25161
25150
25142
25126
25111
25095
25072
25071
25052
25047
25046
25038
25029
25023
25021
25001
24995
24989
24975
24969
24964
24938
24936
24926
24921
24919
24917
24917
24915
24908
24898
24889
24889
24886
24853
24838
24837
24829
24825
24822
24811
24799
24790
24775
24758
24752
24742
24732
24724
24724
24711
24709
24707
24706
24696
24682
24680
24677
24675
24623
24611
24553
24537
24534
24528
24522
24519
24491
24489
24488
24476
24448
24419
24407
24399
24380
24378
24367
24363
24361
24356
24344
24341
24337
24336
24330
24329
24317
24316
24309
24300
24297
24287
24278
24206
24198
24197
24196
24195
24195
24195
24189
24181
24162
24148
24128
24118
24116
24113
24112
24106
24101
24097
24085
24066
24059
24055
24041
24038
24014
23994
23989
23987
23954
23945
23937
23936
23911
23898
23890
23884
23882
23870
23870
23862
23854
23837
23831
23831
23819
23795
23790
23771
23762
23748
23737
23724
23713
23690
23676
23675
23668
23663
23631
23621
23620
23592
23588
23586
23575
23544
23543
23533
23524
23511
23506
23503
23481
23470
23469
23467
23452
23441
23440
23435
23423
23415
23410
23399
23366
23359
23356
23353
23344
23341
23331
23321
23317
23315
23296
23279
23276
23275
23262
23245
23238
23237
23236
23213
23210
23208
23133
23132
23130
23127
23125
23103
23094
23079
23043
23042
23038
23038
23033
22977
22975
22972
22964
22947
22933
22926
22922
22918
22918
22904
22895
22891
22857
22856
22852
22847
22844
22831
22822
22820
22817
22793
22787
22760
22752
22752
22731
22729
22723
22692
22680
22673
22652
22650
22645
22630
22608
22606
22576
22564
22553
22548
22545
22539
22519
22513
22508
22496
22483
22480
22448
22438
22434
22423
22413
22408
22408
22373
22357
22350
22349
22316
22299
22284
22272
22268
22266
22253
22251
22240
22234
22232
22229
22204
22189
22185
22180
22151
22148
22146
22134
22126
22117
22108
22104
22093
22091
22090
22085
22017
21982
21975
21959
21950
21948
21937
21933
21918
21911
21905
21904
21894
21876
21851
21840
21839
21836
21819
21818
21815
21814
21808
21776
21765
21764
21737
21717
21712
21705
21705
21679
21677
21670
21666
21639
21638
21609
21595
21587
21577
21574
21572
21571
21564
21563
21562
21555
21544
21541
21533
21512
21502
21493
21484
21480
21465
21463
21462
21445
21440
21415
21411
21383
21355
21346
21328
21318
21292
21283
21269
21263
21249
21243
21235
21235
21228
21220
21201
21196
21180
21165
21158
21143
21140
21093
21091
21075
21074
21071
21065
21060
21054
21052
21044
21017
21013
21003
21000
20981
20979
20977
20977
20973
20972
20967
20964
20953
20931
20927
20912
20912
20880
20867
20860
20844
20842
20820
20814
20798
20798
20787
20772
20760
20743
20727
20709
20706
20699
20685
20682
20678
20678
20677
20667
20655
20652
20651
20649
20639
20638
20611
20607
20599
20584
20579
20574
20542
20532
20520
20498
20483
20479
20465
20464
20459
20445
20421
20419
20368
20364
20363
20359
20354
20348
20346
20344
20334
20310
20287
20277
20277
20268
20268
20248
20233
20207
20192
20183
20162
20142
20132
20092
20090
20088
20072
20036
20033
20022
19999
19983
19963
19947
19936
19931
19921
19911
19893
19870
19870
19869
19867
19856
19855
19836
19822
19813
19812
19781
19744
19743
19712
19711
19711
19701
19682
19672
19672
19658
19655
19650
19647
19616
19601
19583
19577
19574
19571
19570
19568
19563
19561
19559
19557
19548
19546
19541
19541
19524
19505
19484
19482
19473
19472
19463
19460
19459
19453
19449
19441
19437
19429
19421
19416
19406
19402
19399
19386
19383
19375
19365
19359
19334
19325
19283
19261
19260
19247
19238
19232
19221
19218
19195
19194
19193
19182
19173
19156
19141
19141
19139
19122
19121
19117
19116
19079
19067
19037
19035
19012
19000
18989
18986
18982
18965
18953
18920
18917
18913
18909
18899
18880
18877
18870
18822
18781
18781
18766
18740
18738
18738
18714
18705
18660
18655
18648
18643
18633
18632
18631
18630
18629
18616
18610
18592
18580
18568
18559
18529
18523
18518
18510
18491
18489
18465
18461
18443
18426
18411
18405
18391
18390
18389
18369
18349
18321
18317
18310
18303
18300
18278
18262
18260
18244
18203
18192
18179
18178
18177
18175
18143
18122
18082
18071
18057
18036
18022
18016
17997
17994
17953
17912
17886
17885
17832
17825
17808
17805
17787
17781
17779
17775
17773
17740
17722
17709
17702
17676
17667
17650
17648
17647
17643
17629
17613
17611
17610
17605
17603
17590
17577
17563
17562
17546
17544
17540
17531
17530
17516
17509
17500
17486
17474
17471
17464
17460
17451
17441
17441
17439
17437
17425
17423
17423
17409
17399
17389
17368
17366
17357
17353
17347
17342
17338
17330
17308
17304
17303
17295
17294
17287
17286
17282
17270
17235
17232
17197
17182
17149
17140
17135
17132
17129
17125
17107
17088
17082
17061
17048
17046
17042
17028
17009
16995
16988
16982
16980
16976
16972
16966
16962
16952
16951
16948
16928
16927
16927
16919
16914
16890
16866
16855
16855
16855
16851
16840
16837
16837
16835
16825
16809
16804
16795
16787
16782
16762
16759
16758
16739
16730
16715
16702
16697
16684
16659
16659
16658
16647
16641
16632
16630
16623
16617
16614
16606
16599
16577
16571
16569
16565
16557
16545
16541
16530
16526
16522
16518
16514
16504
16501
16486
16486
16481
16478
16474
16454
16442
16433
16428
16422
16409
16408
16404
16402
16379
16364
16359
16347
16344
16334
16333
16325
16296
16277
16277
16251
16239
16228
16226
16224
16224
16224
16203
16182
16172
16169
16168
16165
16154
16148
16146
16142
16137
16127
16125
16123
16084
16057
16057
16049
16024
16019
16012
16003
16003
16001
16001
15985
15975
15963
15949
15937
15935
15934
15923
15901
15892
15889
15884
15874
15871
15867
15862
15855
15839
15823
15820
15812
15810
15810
15795
15788
15773
15737
15735
15702
15693
15691
15686
15667
15658
15601
15600
15596
15582
15579
15549
15540
15540
15511
15508
15504
15501
15501
15478
15476
15451
15405
15400
15399
15399
15397
15396
15361
15332
15328
15325
15315
15311
15297
15289
15269
15262
15254
15246
15232
15228
15220
15211
15209
15203
15192
15176
15172
15154
15150
15101
15099
15072
15064
15057
15051
15040
15033
15019
15016
15012
15008
14998
14998
14974
14971
14965
14958
14954
14921
14919
14912
14910
14908
14902
14897
14889
14885
14875
14867
14854
14843
14828
14819
14811
14788
14783
14754
14736
14725
14711
14690
14687
14665
14661
14656
14648
14648
14640
14638
14635
14619
14618
14606
14601
14591
14587
14577
14571
14557
14554
14535
14518
14512
14508
14504
14504
14502
14500
14498
14496
14496
14495
14495
14493
14462
14453
14450
14447
14446
14424
14397
14394
14380
14371
14327
14288
14287
14268
14262
14238
14236
14231
14222
14212
14211
14206
14203
14193
14166
14158
14150
14148
14142
14119
14101
14100
14071
14063
14063
14046
14040
14036
14031
14026
14014
13992
13963
13955
13954
13949
13939
13934
13925
13913
13910
13903
13899
13897
13882
13877
13852
13833
13830
13822
13812
13796
13789
13780
13764
13753
13747
13721
13701
13696
13673
13672
13663
13655
13649
13643
13640
13635
13633
13632
13619
13612
13610
13605
13581
13566
13556
13555
13542
13525
13521
13455
13449
13446
13438
13418
13413
13409
13408
13400
13394
13380
13379
13379
13360
13353
13331
13321
13309
13292
13289
13286
13270
13261
13250
13217
13214
13196
13195
13184
13182
13182
13173
13153
13149
13148
13148
13141
13139
13139
13131
13099
13096
13029
13028
13004
12996
12979
12968
12962
12960
12956
12954
12954
12954
12948
12924
12915
12903
12898
12885
12881
12873
12871
12844
12835
12834
12831
12826
12814
12807
12793
12734
12733
12723
12723
12719
12688
12676
12672
12670
12669
12657
12639
12619
12613
12605
12592
12585
12578
12572
12558
12555
12555
12555
12554
12551
12546
12541
12536
12532
12529
12519
12503
12494
12484
12477
12460
12453
12423
12420
12412
12395
12389
12349
12347
12332
12319
12317
12315
12307
12300
12299
12297
12288
12287
12283
12277
12258
12251
12239
12229
12209
12186
12173
12167
12161
12155
12153
12152
12152
12133
12128
12127
12124
12112
12106
12098
12093
12089
12076
12063
12053
12028
12010
12002
11997
11991
11985
11982
11969
11959
11951
11950
11947
11947
11944
11943
11943
11937
11934
11926
11896
11877
11874
11871
11862
11857
11853
11852
11848
11847
11840
11834
11832
11820
11811
11804
11804
11794
11788
11781
11778
11771
11767
11731
11727
11726
11717
11711
11661
11656
11640
11628
11619
11610
11607
11595
11586
11571
11569
11550
11547
11543
11506
11489
11484
11476
11449
11420
11411
11410
11379
11356
11348
11345
11342
11341
11340
11299
11298
11262
11258
11258
11252
11248
11245
11235
11229
11224
11211
11192
11188
11179
11174
11160
11135
11122
11121
11119
11118
11116
11113
11074
11073
11070
11051
11045
11043
11038
11029
11017
11015
11012
11003
10986
10986
10983
10975
10946
10945
10916
10906
10888
10876
10873
10858
10856
10842
10826
10819
10817
10815
10805
10791
10791
10789
10789
10782
10775
10771
10769
10759
10758
10757
10752
10738
10734
10731
10728
10716
10711
10708
10707
10694
10683
10675
10665
10659
10657
10652
10646
10618
10610
10608
10603
10596
10586
10566
10563
10554
10549
10526
10514
10506
10501
10498
10497
10481
10479
10452
10446
10424
10418
10417
10400
10381
10381
10371
10371
10354
10320
10310
10297
10297
10296
10295
10263
10261
10253
10227
10216
10215
10214
10189
10175
10144
10124
10123
10117
10117
10114
10102
10093
10091
10084
10084
10050
10045
10044
10041
10036
10007
9994
9970
9958
9955
9941
9926
9923
9898
9895
9883
9871
9869
9862
9849
9848
9844
9837
9825
9813
9813
9803
9792
9770
9765
9762
9761
9752
9747
9737
9723
9718
9699
9694
9691
9687
9676
9666
9658
9646
9642
9635
9629
9623
9618
9618
9615
9591
9588
9582
9576
9569
9567
9565
9563
9556
9541
9506
9504
9490
9487
9483
9482
9473
9472
9467
9456
9445
9442
9437
9432
9418
9411
9411
9407
9383
9380
9373
9367
9363
9357
9352
9349
9330
9324
9316
9312
9294
9288
9251
9241
9240
9210
9201
9199
9196
9195
9182
9178
9175
9137
9131
9124
9105
9103
9096
9094
9038
9025
9024
9020
9015
9004
9000
8993
8979
8928
8888
8882
8841
8835
8831
8821
8815
8800
8791
8786
8775
8775
8773
8767
8761
8760
8752
8748
8743
8731
8729
8717
8716
8714
8708
8702
8700
8675
8669
8655
8610
8563
8559
8549
8530
8526
8518
8509
8504
8504
8489
8488
8476
8472
8460
8460
8460
8447
8443
8437
8430
8430
8415
8411
8401
8401
8401
8399
8397
8361
8350
8329
8324
8315
8297
8272
8270
8269
8249
8241
8241
8241
8239
8230
8212
8201
8189
8175
8172
8171
8163
8161
8154
8151
8126
8120
8117
8101
8091
8072
8052
8049
8042
8030
8017
7996
7996
7976
7976
7957
7956
7954
7948
7948
7931
7919
7900
7894
7887
7864
7852
7850
7850
7846
7844
7838
7834
7828
7826
7815
7814
7808
7805
7799
7791
7778
7777
7769
7753
7751
7750
7744
7729
7721
7698
7695
7692
7690
7677
7664
7662
7661
7656
7647
7637
7626
7625
7618
7617
7609
7598
7593
7563
7563
7554
7550
7529
7527
7524
7516
7513
7506
7502
7497
7493
7480
7471
7452
7448
7439
7391
7383
7379
7346
7338
7333
7320
7318
7312
7300
7282
7272
7266
7235
7233
7232
7226
7202
7166
7129
7128
7123
7122
7088
7068
7052
7050
7050
7033
7029
7015
7004
6995
6994
6977
6948
6947
6946
6940
6938
6929
6914
6914
6903
6891
6885
6862
6856
6848
6839
6838
6814
6813
6803
6789
6782
6775
6748
6744
6741
6741
6734
6711
6702
6688
6677
6667
6647
6637
6617
6615
6611
6567
6567
6559
6526
6522
6521
6500
6480
6477
6465
6426
6412
6412
6396
6391
6390
6378
6375
6362
6362
6361
6359
6348
6344
6338
6331
6329
6326
6312
6312
6305
6302
6290
6249
6249
6248
6228
6224
6202
6189
6178
6169
6162
6162
6161
6160
6138
6138
6126
6113
6112
6108
6097
6084
6084
6083
6080
6075
6065
6060
6056
6045
6023
6012
6006
6005
5972
5960
5956
5951
5951
5949
5932
5915
5913
5906
5887
5878
5878
5875
5872
5864
5862
5862
5850
5841
5835
5835
5834
5802
5799
5797
5794
5793
5790
5779
5770
5725
5713
5705
5686
5677
5661
5650
5650
5642
5620
5594
5578
5576
5575
5557
5557
5527
5524
5523
5522
5518
5515
5496
5493
5486
5479
5477
5466
5464
5463
5450
5434
5396
5388
5369
5369
5360
5359
5351
5337
5321
5311
5293
5277
5277
5273
5268
5263
5261
5260
5249
5246
5235
5232
5212
5203
5190
5184
5164
5164
5159
5154
5147
5142
5103
5092
5090
5082
5079
5061
5040
5040
5031
5029
5016
5004
5000
4996
4991
4976
4973
4956
4946
4933
4927
4915
4914
4892
4891
4886
4875
4874
4873
4870
4862
4856
4833
4831
4830
4824
4811
4801
4776
4735
4707
4695
4695
4694
4674
4646
4636
4593
4582
4573
4568
4555
4551
4549
4541
4530
4527
4515
4514
4514
4512
4502
4502
4497
4495
4489
4469
4455
4453
4440
4427
4404
4395
4384
4382
4374
4368
4360
4356
4347
4346
4342
4342
4341
4341
4326
4326
4317
4293
4260
4256
4240
4237
4237
4217
4212
4207
4199
4186
4170
4154
4148
4145
4140
4137
4100
4096
4090
4078
4073
4071
4027
4019
4009
3981
3980
3960
3960
3959
3956
3953
3945
3940
3940
3940
3937
3916
3910
3900
3895
3895
3894
3894
3881
3870
3870
3867
3863
3853
3841
3840
3836
3805
3804
3779
3768
3760
3756
3748
3747
3736
3714
3714
3712
3709
3708
3670
3652
3650
3618
3583
3580
3578
3577
3557
3548
3533
3532
3522
3519
3509
3509
3481
3464
3462
3462
3446
3434
3432
3425
3414
3414
3406
3398
3396
3386
3380
3352
3339
3325
3321
3320
3319
3310
3308
3299
3296
3292
3291
3277
3266
3261
3258
3257
3236
3227
3226
3217
3211
3206
3180
3163
3159
3158
3148
3135
3128
3109
3093
3090
3083
3078
3074
3072
3057
3053
3030
2987
2982
2972
2968
2962
2956
2954
2939
2914
2910
2909
2899
2888
2869
2863
2840
2830
2798
2786
2786
2785
2778
2761
2752
2752
2735
2706
2699
2692
2685
2678
2662
2656
2653
2645
2639
2622
2615
2607
2596
2593
2581
2573
2573
2551
2550
2547
2545
2542
2542
2537
2530
2521
2517
2509
2503
2501
2485
2463
2448
2416
2414
2410
2403
2392
2387
2386
2385
2376
2376
2367
2367
2357
2346
2342
2342
2334
2324
2322
2302
2295
2262
2262
2249
2240
2228
2220
2196
2188
2183
2152
2136
2120
2113
2112
2105
2083
2061
2035
2020
2018
1986
1972
1969
1961
1945
1942
1942
1938
1932
1918
1915
1905
1901
1893
1891
1884
1879
1874
1870
1865
1862
1860
1849
1845
1844
1841
1840
1813
1810
1790
1789
1788
1787
1779
1775
1749
1724
1723
1703
1701
1700
1687
1638
1622
1582
1576
1565
1551
1482
1464
1438
1437
1436
1395
1374
1373
1368
1366
1334
1333
1330
1324
1316
1283
1282
1279
1272
1271
1265
1258
1254
1239
1219
1215
1200
1194
1193
1181
1157
1153
1151
1138
1136
1135
1127
1097
1091
1082
1078
1064
1051
1043
1006
995
987
969
962
959
947
939
924
891
872
863
861
859
850
846
820
800
798
794
792
791
789
780
770
763
747
736
734
725
718
714
713
705
675
672
671
671
667
649
648
636
633
631
629
621
616
616
602
597
594
593
584
556
539
539
539
538
537
534
527
523
522
512
502
488
487
477
473
459
452
442
434
433
433
432
428
422
410
391
350
339
326
314
305
302
283
281
279
264
250
229
223
213
203
202
201
199
192
178
173
159
157
147
121
89
88
84
80
78
77
73
62
55
42
35
17
