17
35
42
55
62
73
77
78
80
84
88
89
121
147
157
159
173
178
192
199
201
202
203
213
223
229
250
264
279
281
283
302
305
314
326
339
350
391
410
422
428
432
433
433
434
442
452
459
473
477
487
488
502
512
522
523
527
534
537
538
539
539
539
556
584
593
594
597
602
616
616
621
629
631
633
636
648
649
667
671
671
672
675
705
713
714
718
725
734
736
747
763
770
780
789
791
792
794
798
800
820
846
850
859
861
863
872
891
924
939
947
959
962
969
987
995
1006
1043
1051
1064
1078
1082
1091
1097
1127
1135
1136
1138
1151
1153
1157
1181
1193
1194
1200
1215
1219
1239
1254
1258
1265
1271
1272
1279
1282
1283
1316
1324
1330
1333
1334
1366
1368
1373
1374
1395
1436
1437
1438
1464
1482
1551
1565
1576
1582
1622
1638
1687
1700
1701
1703
1723
1724
1749
1775
1779
1787
1788
1789
1790
1810
1813
1840
1841
1844
1845
1849
1860
1862
1865
1870
1874
1879
1884
1891
1893
1901
1905
1915
1918
1932
1938
1942
1942
1945
1961
1969
1972
1986
2018
2020
2035
2061
2083
2105
2112
2113
2120
2136
2152
2183
2188
2196
2220
2228
2240
2249
2262
2262
2295
2302
2322
2324
2334
2342
2342
2346
2357
2367
2367
2376
2376
2385
2386
2387
2392
2403
2410
2414
2416
2448
2463
2485
2501
2503
2509
2517
2521
2530
2537
2542
2542
2545
2547
2550
2551
2573
2573
2581
2593
2596
2607
2615
2622
2639
2645
2653
2656
2662
2678
2685
2692
2699
2706
2735
2752
2752
2761
2778
2785
2786
2786
2798
2830
2840
2863
2869
2888
2899
2909
2910
2914
2939
2954
2956
2962
2968
2972
2982
2987
3030
3053
3057
3072
3074
3078
3083
3090
3093
3109
3128
3135
3148
3158
3159
3163
3180
3206
3211
3217
3226
3227
3236
3257
3258
3261
3266
3277
3291
3292
3296
3299
3308
3310
3319
3320
3321
3325
3339
3352
3380
3386
3396
3398
3406
3414
3414
3425
3432
3434
3446
3462
3462
3464
3481
3509
3509
3519
3522
3532
3533
3548
3557
3577
3578
3580
3583
3618
3650
3652
3670
3708
3709
3712
3714
3714
3736
3747
3748
3756
3760
3768
3779
3804
3805
3836
3840
3841
3853
3863
3867
3870
3870
3881
3894
3894
3895
3895
3900
3910
3916
3937
3940
3940
3940
3945
3953
3956
3959
3960
3960
3980
3981
4009
4019
4027
4071
4073
4078
4090
4096
4100
4137
4140
4145
4148
4154
4170
4186
4199
4207
4212
4217
4237
4237
4240
4256
4260
4293
4317
4326
4326
4341
4341
4342
4342
4346
4347
4356
4360
4368
4374
4382
4384
4395
4404
4427
4440
4453
4455
4469
4489
4495
4497
4502
4502
4512
4514
4514
4515
4527
4530
4541
4549
4551
4555
4568
4573
4582
4593
4636
4646
4674
4694
4695
4695
4707
4735
4776
4801
4811
4824
4830
4831
4833
4856
4862
4870
4873
4874
4875
4886
4891
4892
4914
4915
4927
4933
4946
4956
4973
4976
4991
4996
5000
5004
5016
5029
5031
5040
5040
5061
5079
5082
5090
5092
5103
5142
5147
5154
5159
5164
5164
5184
5190
5203
5212
5232
5235
5246
5249
5260
5261
5263
5268
5273
5277
5277
5293
5311
5321
5337
5351
5359
5360
5369
5369
5388
5396
5434
5450
5463
5464
5466
5477
5479
5486
5493
5496
5515
5518
5522
5523
5524
5527
5557
5557
5575
5576
5578
5594
5620
5642
5650
5650
5661
5677
5686
5705
5713
5725
5770
5779
5790
5793
5794
5797
5799
5802
5834
5835
5835
5841
5850
5862
5862
5864
5872
5875
5878
5878
5887
5906
5913
5915
5932
5949
5951
5951
5956
5960
5972
6005
6006
6012
6023
6045
6056
6060
6065
6075
6080
6083
6084
6084
6097
6108
6112
6113
6126
6138
6138
6160
6161
6162
6162
6169
6178
6189
6202
6224
6228
6248
6249
6249
6290
6302
6305
6312
6312
6326
6329
6331
6338
6344
6348
6359
6361
6362
6362
6375
6378
6390
6391
6396
6412
6412
6426
6465
6477
6480
6500
6521
6522
6526
6559
6567
6567
6611
6615
6617
6637
6647
6667
6677
6688
6702
6711
6734
6741
6741
6744
6748
6775
6782
6789
6803
6813
6814
6838
6839
6848
6856
6862
6885
6891
6903
6914
6914
6929
6938
6940
6946
6947
6948
6977
6994
6995
7004
7015
7029
7033
7050
7050
7052
7068
7088
7122
7123
7128
7129
7166
7202
7226
7232
7233
7235
7266
7272
7282
7300
7312
7318
7320
7333
7338
7346
7379
7383
7391
7439
7448
7452
7471
7480
7493
7497
7502
7506
7513
7516
7524
7527
7529
7550
7554
7563
7563
7593
7598
7609
7617
7618
7625
7626
7637
7647
7656
7661
7662
7664
7677
7690
7692
7695
7698
7721
7729
7744
7750
7751
7753
7769
7777
7778
7791
7799
7805
7808
7814
7815
7826
7828
7834
7838
7844
7846
7850
7850
7852
7864
7887
7894
7900
7919
7931
7948
7948
7954
7956
7957
7976
7976
7996
7996
8017
8030
8042
8049
8052
8072
8091
8101
8117
8120
8126
8151
8154
8161
8163
8171
8172
8175
8189
8201
8212
8230
8239
8241
8241
8241
8249
8269
8270
8272
8297
8315
8324
8329
8350
8361
8397
8399
8401
8401
8401
8411
8415
8430
8430
8437
8443
8447
8460
8460
8460
8472
8476
8488
8489
8504
8504
8509
8518
8526
8530
8549
8559
8563
8610
8655
8669
8675
8700
8702
8708
8714
8716
8717
8729
8731
8743
8748
8752
8760
8761
8767
8773
8775
8775
8786
8791
8800
8815
8821
8831
8835
8841
8882
8888
8928
8979
8993
9000
9004
9015
9020
9024
9025
9038
9094
9096
9103
9105
9124
9131
9137
9175
9178
9182
9195
9196
9199
9201
9210
9240
9241
9251
9288
9294
9312
9316
9324
9330
9349
9352
9357
9363
9367
9373
9380
9383
9407
9411
9411
9418
9432
9437
9442
9445
9456
9467
9472
9473
9482
9483
9487
9490
9504
9506
9541
9556
9563
9565
9567
9569
9576
9582
9588
9591
9615
9618
9618
9623
9629
9635
9642
9646
9658
9666
9676
9687
9691
9694
9699
9718
9723
9737
9747
9752
9761
9762
9765
9770
9792
9803
9813
9813
9825
9837
9844
9848
9849
9862
9869
9871
9883
9895
9898
9923
9926
9941
9955
9958
9970
9994
10007
10036
10041
10044
10045
10050
10084
10084
10091
10093
10102
10114
10117
10117
10123
10124
10144
10175
10189
10214
10215
10216
10227
10253
10261
10263
10295
10296
10297
10297
10310
10320
10354
10371
10371
10381
10381
10400
10417
10418
10424
10446
10452
10479
10481
10497
10498
10501
10506
10514
10526
10549
10554
10563
10566
10586
10596
10603
10608
10610
10618
10646
10652
10657
10659
10665
10675
10683
10694
10707
10708
10711
10716
10728
10731
10734
10738
10752
10757
10758
10759
10769
10771
10775
10782
10789
10789
10791
10791
10805
10815
10817
10819
10826
10842
10856
10858
10873
10876
10888
10906
10916
10945
10946
10975
10983
10986
10986
11003
11012
11015
11017
11029
11038
11043
11045
11051
11070
11073
11074
11113
11116
11118
11119
11121
11122
11135
11160
11174
11179
11188
11192
11211
11224
11229
11235
11245
11248
11252
11258
11258
11262
11298
11299
11340
11341
11342
11345
11348
11356
11379
11410
11411
11420
11449
11476
11484
11489
11506
11543
11547
11550
11569
11571
11586
11595
11607
11610
11619
11628
11640
11656
11661
11711
11717
11726
11727
11731
11767
11771
11778
11781
11788
11794
11804
11804
11811
11820
11832
11834
11840
11847
11848
11852
11853
11857
11862
11871
11874
11877
11896
11926
11934
11937
11943
11943
11944
11947
11947
11950
11951
11959
11969
11982
11985
11991
11997
12002
12010
12028
12053
12063
12076
12089
12093
12098
12106
12112
12124
12127
12128
12133
12152
12152
12153
12155
12161
12167
12173
12186
12209
12229
12239
12251
12258
12277
12283
12287
12288
12297
12299
12300
12307
12315
12317
12319
12332
12347
12349
12389
12395
12412
12420
12423
12453
12460
12477
12484
12494
12503
12519
12529
12532
12536
12541
12546
12551
12554
12555
12555
12555
12558
12572
12578
12585
12592
12605
12613
12619
12639
12657
12669
12670
12672
12676
12688
12719
12723
12723
12733
12734
12793
12807
12814
12826
12831
12834
12835
12844
12871
12873
12881
12885
12898
12903
12915
12924
12948
12954
12954
12954
12956
12960
12962
12968
12979
12996
13004
13028
13029
13096
13099
13131
13139
13139
13141
13148
13148
13149
13153
13173
13182
13182
13184
13195
13196
13214
13217
13250
13261
13270
13286
13289
13292
13309
13321
13331
13353
13360
13379
13379
13380
13394
13400
13408
13409
13413
13418
13438
13446
13449
13455
13521
13525
13542
13555
13556
13566
13581
13605
13610
13612
13619
13632
13633
13635
13640
13643
13649
13655
13663
13672
13673
13696
13701
13721
13747
13753
13764
13780
13789
13796
13812
13822
13830
13833
13852
13877
13882
13897
13899
13903
13910
13913
13925
13934
13939
13949
13954
13955
13963
13992
14014
14026
14031
14036
14040
14046
14063
14063
14071
14100
14101
14119
14142
14148
14150
14158
14166
14193
14203
14206
14211
14212
14222
14231
14236
14238
14262
14268
14287
14288
14327
14371
14380
14394
14397
14424
14446
14447
14450
14453
14462
14493
14495
14495
14496
14496
14498
14500
14502
14504
14504
14508
14512
14518
14535
14554
14557
14571
14577
14587
14591
14601
14606
14618
14619
14635
14638
14640
14648
14648
14656
14661
14665
14687
14690
14711
14725
14736
14754
14783
14788
14811
14819
14828
14843
14854
14867
14875
14885
14889
14897
14902
14908
14910
14912
14919
14921
14954
14958
14965
14971
14974
14998
14998
15008
15012
15016
15019
15033
15040
15051
15057
15064
15072
15099
15101
15150
15154
15172
15176
15192
15203
15209
15211
15220
15228
15232
15246
15254
15262
15269
15289
15297
15311
15315
15325
15328
15332
15361
15396
15397
15399
15399
15400
15405
15451
15476
15478
15501
15501
15504
15508
15511
15540
15540
15549
15579
15582
15596
15600
15601
15658
15667
15686
15691
15693
15702
15735
15737
15773
15788
15795
15810
15810
15812
15820
15823
15839
15855
15862
15867
15871
15874
15884
15889
15892
15901
15923
15934
15935
15937
15949
15963
15975
15985
16001
16001
16003
16003
16012
16019
16024
16049
16057
16057
16084
16123
16125
16127
16137
16142
16146
16148
16154
16165
16168
16169
16172
16182
16203
16224
16224
16224
16226
16228
16239
16251
16277
16277
16296
16325
16333
16334
16344
16347
16359
16364
16379
16402
16404
16408
16409
16422
16428
16433
16442
16454
16474
16478
16481
16486
16486
16501
16504
16514
16518
16522
16526
16530
16541
16545
16557
16565
16569
16571
16577
16599
16606
16614
16617
16623
16630
16632
16641
16647
16658
16659
16659
16684
16697
16702
16715
16730
16739
16758
16759
16762
16782
16787
16795
16804
16809
16825
16835
16837
16837
16840
16851
16855
16855
16855
16866
16890
16914
16919
16927
16927
16928
16948
16951
16952
16962
16966
16972
16976
16980
16982
16988
16995
17009
17028
17042
17046
17048
17061
17082
17088
17107
17125
17129
17132
17135
17140
17149
17182
17197
17232
17235
17270
17282
17286
17287
17294
17295
17303
17304
17308
17330
17338
17342
17347
17353
17357
17366
17368
17389
17399
17409
17423
17423
17425
17437
17439
17441
17441
17451
17460
17464
17471
17474
17486
17500
17509
17516
17530
17531
17540
17544
17546
17562
17563
17577
17590
17603
17605
17610
17611
17613
17629
17643
17647
17648
17650
17667
17676
17702
17709
17722
17740
17773
17775
17779
17781
17787
17805
17808
17825
17832
17885
17886
17912
17953
17994
17997
18016
18022
18036
18057
18071
18082
18122
18143
18175
18177
18178
18179
18192
18203
18244
18260
18262
18278
18300
18303
18310
18317
18321
18349
18369
18389
18390
18391
18405
18411
18426
18443
18461
18465
18489
18491
18510
18518
18523
18529
18559
18568
18580
18592
18610
18616
18629
18630
18631
18632
18633
18643
18648
18655
18660
18705
18714
18738
18738
18740
18766
18781
18781
18822
18870
18877
18880
18899
18909
18913
18917
18920
18953
18965
18982
18986
18989
19000
19012
19035
19037
19067
19079
19116
19117
19121
19122
19139
19141
19141
19156
19173
19182
19193
19194
19195
19218
19221
19232
19238
19247
19260
19261
19283
19325
19334
19359
19365
19375
19383
19386
19399
19402
19406
19416
19421
19429
19437
19441
19449
19453
19459
19460
19463
19472
19473
19482
19484
19505
19524
19541
19541
19546
19548
19557
19559
19561
19563
19568
19570
19571
19574
19577
19583
19601
19616
19647
19650
19655
19658
19672
19672
19682
19701
19711
19711
19712
19743
19744
19781
19812
19813
19822
19836
19855
19856
19867
19869
19870
19870
19893
19911
19921
19931
19936
19947
19963
19983
19999
20022
20033
20036
20072
20088
20090
20092
20132
20142
20162
20183
20192
20207
20233
20248
20268
20268
20277
20277
20287
20310
20334
20344
20346
20348
20354
20359
20363
20364
20368
20419
20421
20445
20459
20464
20465
20479
20483
20498
20520
20532
20542
20574
20579
20584
20599
20607
20611
20638
20639
20649
20651
20652
20655
20667
20677
20678
20678
20682
20685
20699
20706
20709
20727
20743
20760
20772
20787
20798
20798
20814
20820
20842
20844
20860
20867
20880
20912
20912
20927
20931
20953
20964
20967
20972
20973
20977
20977
20979
20981
21000
21003
21013
21017
21044
21052
21054
21060
21065
21071
21074
21075
21091
21093
21140
21143
21158
21165
21180
21196
21201
21220
21228
21235
21235
21243
21249
21263
21269
21283
21292
21318
21328
21346
21355
21383
21411
21415
21440
21445
21462
21463
21465
21480
21484
21493
21502
21512
21533
21541
21544
21555
21562
21563
21564
21571
21572
21574
21577
21587
21595
21609
21638
21639
21666
21670
21677
21679
21705
21705
21712
21717
21737
21764
21765
21776
21808
21814
21815
21818
21819
21836
21839
21840
21851
21876
21894
21904
21905
21911
21918
21933
21937
21948
21950
21959
21975
21982
22017
22085
22090
22091
22093
22104
22108
22117
22126
22134
22146
22148
22151
22180
22185
22189
22204
22229
22232
22234
22240
22251
22253
22266
22268
22272
22284
22299
22316
22349
22350
22357
22373
22408
22408
22413
22423
22434
22438
22448
22480
22483
22496
22508
22513
22519
22539
22545
22548
22553
22564
22576
22606
22608
22630
22645
22650
22652
22673
22680
22692
22723
22729
22731
22752
22752
22760
22787
22793
22817
22820
22822
22831
22844
22847
22852
22856
22857
22891
22895
22904
22918
22918
22922
22926
22933
22947
22964
22972
22975
22977
23033
23038
23038
23042
23043
23079
23094
23103
23125
23127
23130
23132
23133
23208
23210
23213
23236
23237
23238
23245
23262
23275
23276
23279
23296
23315
23317
23321
23331
23341
23344
23353
23356
23359
23366
23399
23410
23415
23423
23435
23440
23441
23452
23467
23469
23470
23481
23503
23506
23511
23524
23533
23543
23544
23575
23586
23588
23592
23620
23621
23631
23663
23668
23675
23676
23690
23713
23724
23737
23748
23762
23771
23790
23795
23819
23831
23831
23837
23854
23862
23870
23870
23882
23884
23890
23898
23911
23936
23937
23945
23954
23987
23989
23994
24014
24038
24041
24055
24059
24066
24085
24097
24101
24106
24112
24113
24116
24118
24128
24148
24162
24181
24189
24195
24195
24195
24196
24197
24198
24206
24278
24287
24297
24300
24309
24316
24317
24329
24330
24336
24337
24341
24344
24356
24361
24363
24367
24378
24380
24399
24407
24419
24448
24476
24488
24489
24491
24519
24522
24528
24534
24537
24553
24611
24623
24675
24677
24680
24682
24696
24706
24707
24709
24711
24724
24724
24732
24742
24752
24758
24775
24790
24799
24811
24822
24825
24829
24837
24838
24853
24886
24889
24889
24898
24908
24915
24917
24917
24919
24921
24926
24936
24938
24964
24969
24975
24989
24995
25001
25021
25023
25029
25038
25046
25047
25052
25071
25072
25095
25111
25126
25142
25150
25161
25164
25179
25206
25206
25214
25220
25225
25232
25261
25285
25290
25322
25326
25333
25334
25348
25362
25363
25368
25385
25450
25471
25474
25479
25506
25513
25529
25536
25540
25574
25590
25591
25594
25597
25608
25644
25653
25655
25684
25710
25715
25722
25728
25737
25738
25744
25750
25750
25764
25776
25785
25803
25818
25822
25845
25858
25863
25868
25876
25880
25881
25881
25892
25907
25914
25915
25916
25923
25928
25929
25930
25932
25933
25934
25942
25944
25947
25959
25982
25986
26019
26022
26030
26032
26035
26050
26057
26060
26065
26068
26079
26087
26091
26096
26107
26130
26134
26135
26146
26149
26164
26175
26175
26182
26183
26192
26197
26206
26221
26227
26236
26241
26258
26268
26275
26292
26293
26310
26337
26338
26346
26352
26385
26392
26406
26408
26418
26420
26439
26462
26488
26496
26501
26503
26520
26526
26531
26531
26547
26549
26551
26560
26568
26587
26594
26598
26614
26636
26640
26661
26694
26708
26721
26731
26731
26732
26735
26754
26758
26759
26771
26771
26774
26774
26794
26795
26795
26833
26834
26839
26858
26866
26873
26890
26899
26899
26909
26917
26933
26971
26985
27003
27011
27014
27021
27032
27054
27057
27063
27064
27066
27070
27089
27098
27100
27106
27114
27116
27121
27124
27131
27144
27144
27149
27149
27154
27162
27172
27181
27192
27200
27201
27202
27208
27217
27218
27239
27240
27249
27292
27295
27305
27309
27312
27315
27316
27322
27329
27397
27401
27403
27404
27409
27419
27432
27438
27439
27452
27461
27468
27481
27488
27505
27508
27509
27513
27522
27533
27547
27559
27561
27567
27585
27586
27596
27596
27611
27616
27623
27632
27667
27680
27689
27695
27697
27724
27754
27764
27773
27780
27803
27823
27823
27843
27850
27874
27877
27877
27878
27883
27895
27896
27906
27913
27914
27921
27922
27923
27926
27948
27949
27961
27978
27982
27991
27991
27996
28010
28016
28030
28031
28033
28036
28043
28045
28052
28052
28084
28087
28121
28140
28144
28162
28164
28177
28182
28186
28198
28206
28210
28230
28235
28263
28277
28279
28286
28297
28306
28320
28324
28328
28332
28340
28342
28357
28357
28366
28366
28372
28375
28383
28445
28458
28465
28468
28469
28470
28482
28491
28511
28528
28533
28535
28543
28550
28557
28559
28586
28586
28589
28626
28626
28638
28644
28650
28669
28687
28704
28709
28713
28731
28752
28759
28760
28762
28777
28807
28824
28835
28835
28846
28849
28853
28857
28887
28897
28900
28908
28915
28927
28937
28939
28954
28987
28996
28996
29006
29012
29017
29029
29029
29050
29059
29070
29070
29071
29074
29097
29098
29098
29099
29108
29113
29150
29157
29182
29190
29193
29194
29202
29231
29253
29255
29263
29269
29271
29285
29298
29301
29306
29327
29338
29340
29350
29353
29358
29363
29379
29386
29392
29419
29428
29439
29447
29471
29471
29505
29508
29509
29517
29530
29531
29551
29579
29587
29603
29614
29616
29625
29627
29638
29654
29657
29667
29674
29678
29686
29707
29747
29750
29771
29771
29798
29822
29840
29841
29860
29865
29878
29895
29899
29906
29910
29916
29926
29947
29953
29993
30040
30055
30055
30058
30070
30084
30085
30088
30091
30093
30099
30100
30101
30103
30103
30114
30131
30142
30146
30149
30156
30169
30197
30222
30234
30234
30252
30258
30261
30262
30269
30282
30287
30292
30320
30321
30326
30336
30340
30344
30347
30348
30363
30367
30380
30381
30408
30408
30414
30417
30430
30432
30444
30447
30472
30483
30490
30555
30562
30574
30574
30596
30600
30606
30606
30611
30613
30633
30634
30639
30649
30663
30668
30669
30676
30685
30692
30728
30731
30736
30749
30761
30761
30769
30784
30785
30792
30795
30802
30810
30812
30815
30829
30830
30839
30843
30852
30874
30878
30910
30914
30915
30920
30929
30933
30947
30947
30958
30973
31012
31025
31042
31056
31080
31093
31114
31155
31160
31189
31195
31196
31201
31201
31203
31223
31231
31233
31237
31238
31254
31280
31281
31317
31321
31332
31340
31354
31358
31365
31376
31382
31385
31391
31406
31418
31420
31428
31441
31453
31464
31469
31471
31477
31482
31487
31489
31497
31526
31528
31557
31585
31613
31615
31618
31624
31628
31637
31647
31652
31662
31673
31673
31691
31720
31727
31738
31740
31741
31750
31758
31764
31780
31787
31807
31819
31820
31824
31827
31832
31838
31839
31850
31857
31858
31863
31870
31877
31885
31887
31890
31913
31933
31936
31942
31955
31975
31976
31987
31994
31997
32003
32020
32036
32044
32045
32060
32077
32098
32137
32142
32167
32177
32190
32197
32198
32207
32212
32223
32260
32268
32273
32274
32283
32319
32334
32339
32359
32381
32387
32391
32392
32395
32399
32401
32418
32433
32434
32507
32530
32536
32537
32540
32566
32586
32586
32600
32601
32620
32627
32630
32634
32651
32661
32689
32695
32731
32734
32736
32740
32746
32746
32750
32751
32782
32782
32787
32787
32788
32808
32809
32823
32830
32835
32839
32843
32844
32845
32846
32852
32855
32856
32890
32896
32901
32921
32925
32930
32957
32959
32964
32998
32998
32999
33022
33025
33038
33038
33050
33056
33057
33057
33071
33100
33106
33111
33113
33136
33146
33148
33173
33189
33190
33195
33197
33201
33209
33225
33231
33233
33234
33237
33241
33249
33252
33254
33278
33288
33298
33329
33329
33331
33358
33361
33374
33404
33406
33425
33427
33435
33443
33467
33468
33468
33475
33480
33496
33507
33538
33556
33559
33573
33577
33579
33600
33618
33619
33625
33642
33643
33647
33673
33675
33680
33689
33718
33745
33750
33753
33771
33774
33779
33804
33806
33812
33826
33826
33839
33841
33850
33859
33861
33863
33866
33913
33913
33913
33922
33941
33942
33949
33973
33977
33978
34012
34013
34022
34035
34044
34048
34052
34059
34067
34070
34075
34115
34128
34147
34149
34175
34205
34214
34235
34240
34241
34252
34255
34262
34273
34316
34392
34402
34405
34405
34429
34435
34440
34449
34467
34475
34499
34503
34522
34528
34535
34580
34595
34613
34628
34631
34641
34654
34678
34682
34692
34739
34751
34777
34789
34794
34796
34814
34824
34831
34834
34836
34850
34850
34886
34890
34893
34895
34918
34942
34953
34953
34960
34982
35004
35012
35016
35018
35018
35024
35033
35056
35074
35084
35126
35161
35190
35199
35205
35230
35246
35248
35259
35269
35288
35302
35303
35336
35358
35372
35386
35423
35423
35431
35438
35442
35448
35466
35534
35550
35555
35555
35580
35590
35601
35605
35617
35620
35635
35649
35656
35656
35682
35687
35700
35720
35732
35745
35745
35747
35757
35766
35770
35781
35784
35793
35800
35810
35824
35834
35840
35840
35874
35876
35879
35879
35881
35882
35884
35887
35891
35907
35913
35926
35927
35929
35931
35943
35958
35962
35970
35974
35979
35989
35989
35995
35996
36005
36020
36024
36026
36042
36049
36052
36054
36059
36063
36063
36065
36084
36095
36097
36106
36109
36118
36119
36122
36130
36142
36156
36159
36164
36174
36175
36177
36191
36211
36229
36232
36233
36236
36241
36255
36258
36273
36283
36299
36307
36329
36337
36346
36347
36356
36358
36367
36385
36391
36397
36411
36422
36431
36431
36445
36463
36467
36478
36482
36487
36502
36524
36545
36546
36560
36560
36594
36598
36606
36612
36626
36629
36638
36665
36666
36666
36670
36683
36691
36694
36725
36726
36735
36743
36752
36755
36763
36763
36765
36795
36804
36807
36825
36832
36836
36854
36867
36872
36906
36908
36913
36916
36927
36933
36941
36947
36951
36971
36973
36977
36984
36984
36998
37008
37028
37028
37032
37039
37043
37048
37058
37060
37065
37068
37069
37072
37085
37088
37091
37093
37096
37103
37109
37117
37127
37129
37141
37151
37163
37191
37195
37206
37225
37232
37238
37242
37249
37260
37279
37281
37289
37300
37303
37313
37326
37328
37338
37339
37340
37364
37368
37380
37388
37400
37412
37453
37474
37477
37477
37483
37498
37505
37526
37537
37551
37558
37563
37563
37579
37589
37589
37590
37596
37598
37611
37617
37652
37656
37672
37676
37678
37680
37684
37693
37694
37704
37706
37708
37716
37729
37742
37748
37750
37756
37761
37762
37763
37774
37789
37794
37801
37807
37810
37823
37833
37842
37856
37869
37892
37899
37912
37918
37936
37938
37949
37964
37965
37967
37981
37984
37985
37997
38004
38007
38011
38035
38046
38077
38085
38093
38094
38115
38117
38151
38158
38160
38166
38171
38184
38195
38205
38206
38211
38215
38221
38240
38245
38267
38284
38305
38320
38320
38323
38327
38337
38341
38354
38356
38361
38386
38391
38396
38400
38402
38404
38409
38409
38417
38422
38425
38432
38449
38469
38480
38482
38483
38485
38503
38511
38514
38519
38519
38519
38524
38534
38552
38559
38559
38562
38569
38572
38594
38607
38616
38638
38651
38668
38669
38680
38681
38688
38708
38709
38729
38744
38750
38754
38780
38786
38795
38809
38813
38816
38819
38837
38844
38850
38855
38871
38872
38876
38878
38886
38907
38909
38910
38913
38915
38921
38925
38926
38932
38945
38949
38989
39009
39010
39063
39081
39092
39108
39130
39137
39158
39165
39178
39180
39199
39202
39218
39225
39240
39252
39264
39267
39269
39271
39273
39297
39315
39328
39331
39338
39348
39354
39354
39364
39371
39372
39387
39397
39397
39419
39426
39437
39442
39459
39525
39528
39533
39545
39547
39568
39582
39618
39619
39624
39630
39633
39644
39652
39652
39655
39678
39679
39689
39708
39710
39731
39734
39735
39746
39770
39796
39805
39833
39842
39844
39844
39845
39853
39861
39871
39882
39902
39910
39923
39939
39943
39945
39956
39969
40000
40002
40005
40005
40012
40019
40019
40021
40041
40057
40068
40074
40077
40091
40105
40106
40128
40129
40132
40135
40137
40150
40157
40164
40168
40176
40187
40193
40208
40212
40216
40218
40229
40233
40260
40265
40273
40276
40282
40282
40297
40299
40311
40317
40319
40322
40324
40337
40339
40344
40345
40360
40366
40370
40376
40397
40406
40427
40430
40432
40445
40453
40457
40463
40478
40517
40523
40531
40545
40552
40564
40567
40577
40611
40616
40617
40635
40654
40657
40663
40664
40666
40670
40684
40697
40702
40705
40706
40722
40750
40760
40766
40768
40776
40779
40785
40786
40796
40797
40836
40848
40859
40862
40862
40870
40872
40877
40891
40894
40913
40921
40929
40930
40932
40947
40958
40960
40968
40986
40988
40989
40990
41003
41026
41035
41044
41044
41049
41061
41085
41090
41096
41130
41132
41145
41153
41175
41176
41180
41210
41212
41221
41226
41242
41245
41252
41270
41291
41301
41316
41324
41369
41381
41409
41422
41428
41429
41444
41447
41467
41476
41491
41499
41511
41514
41515
41515
41518
41543
41568
41569
41572
41583
41602
41617
41623
41655
41664
41668
41675
41676
41681
41689
41702
41705
41712
41742
41745
41745
41746
41768
41770
41774
41777
41782
41784
41807
41813
41818
41820
41827
41827
41859
41864
41881
41907
41910
41922
41923
41943
41944
41966
41972
41979
41984
41995
42005
42013
42031
42035
42043
42052
42060
42062
42067
42088
42104
42126
42176
42182
42188
42208
42224
42225
42241
42254
42274
42279
42310
42310
42324
42326
42340
42347
42350
42358
42360
42369
42372
42372
42378
42394
42399
42403
42416
42432
42445
42448
42449
42463
42472
42474
42480
42498
42501
42522
42526
42551
42567
42582
42612
42620
42651
42652
42652
42657
42659
42667
42669
42695
42695
42699
42732
42734
42778
42782
42785
42788
42790
42805
42827
42830
42872
42883
42885
42885
42914
42917
42918
42925
42953
42959
42961
42987
42987
42990
42992
42995
42997
42999
43036
43042
43049
43050
43084
43086
43089
43093
43097
43097
43099
43113
43121
43122
43126
43151
43162
43167
43185
43185
43189
43201
43202
43202
43211
43217
43230
43254
43262
43272
43299
43306
43324
43325
43332
43337
43339
43345
43372
43418
43421
43423
43436
43459
43469
43475
43480
43484
43485
43487
43489
43521
43524
43546
43546
43571
43579
43580
43580
43590
43607
43615
43621
43621
43623
43629
43632
43646
43675
43676
43699
43708
43713
43736
43748
43761
43762
43763
43765
43767
43778
43781
43787
43794
43801
43808
43813
43839
43841
43843
43844
43845
43855
43864
43870
43895
43910
43922
43925
43926
43926
43944
43954
43954
43959
43961
43990
43993
44004
44008
44025
44052
44076
44086
44090
44095
44099
44102
44111
44113
44115
44128
44134
44148
44172
44175
44177
44186
44210
44211
44213
44263
44281
44286
44308
44311
44314
44333
44351
44370
44373
44399
44404
44407
44409
44410
44417
44432
44442
44445
44455
44456
44463
44477
44486
44495
44495
44496
44498
44507
44510
44522
44526
44539
44561
44578
44616
44619
44641
44659
44660
44661
44669
44681
44686
44692
44694
44702
44704
44729
44743
44746
44759
44778
44795
44811
44816
44819
44825
44827
44861
44864
44872
44876
44893
44894
44894
44903
44903
44906
44910
44923
44924
44927
44929
44940
44977
44988
44995
44995
45002
45011
45012
45025
45041
45044
45057
45081
45101
45120
45123
45127
45127
45137
45146
45147
45166
45185
45195
45212
45218
45243
45249
45251
45252
45288
45308
45310
45320
45329
45336
45343
45350
45352
45356
45365
45372
45377
45386
45388
45423
45427
45443
45444
45446
45458
45458
45467
45490
45491
45491
45496
45497
45526
45531
45554
45568
45572
45574
45579
45594
45622
45623
45638
45641
45646
45656
45673
45678
45715
45727
45731
45735
45765
45772
45773
45801
45810
45811
45818
45829
45839
45842
45843
45855
45888
45898
45904
45912
45919
45930
45937
45953
45965
45990
46002
46005
46006
46007
46014
46030
46037
46039
46050
46054
46066
46080
46085
46098
46103
46115
46121
46128
46130
46133
46147
46162
46163
46170
46185
46187
46187
46201
46212
46217
46223
46223
46279
46292
46303
46338
46344
46346
46359
46376
46377
46378
46380
46400
46414
46439
46443
46448
46451
46459
46508
46519
46522
46522
46539
46547
46560
46566
46568
46580
46595
46596
46606
46619
46632
46639
46640
46642
46644
46658
46673
46682
46684
46696
46706
46712
46737
46741
46744
46769
46778
46783
46788
46796
46800
46802
46812
46837
46864
46867
46873
46882
46919
46924
46952
46968
46969
46976
46988
46989
46995
47002
47002
47013
47029
47055
47061
47085
47086
47088
47088
47105
47120
47139
47140
47144
47159
47173
47175
47187
47204
47211
47221
47259
47261
47265
47266
47279
47284
47316
47332
47346
47348
47355
47355
47366
47373
47388
47398
47399
47407
47424
47432
47440
47443
47458
47459
47480
47481
47489
47494
47498
47499
47502
47520
47590
47605
47607
47620
47628
47631
47633
47645
47654
47683
47684
47684
47693
47709
47719
47721
47721
47725
47726
47729
47732
47737
47741
47741
47742
47749
47761
47763
47774
47778
47780
47781
47785
47785
47790
47800
47804
47817
47818
47823
47825
47840
47840
47841
47841
47866
47873
47882
47889
47896
47908
47914
47959
47964
47991
47992
47993
47993
48010
48040
48041
48042
48051
48058
48063
48064
48073
48082
48088
48106
48113
48113
48118
48121
48132
48145
48152
48163
48186
48186
48187
48191
48193
48201
48238
48239
48249
48281
48281
48289
48305
48312
48334
48346
48350
48358
48369
48378
48393
48397
48405
48415
48416
48416
48423
48424
48471
48472
48496
48502
48503
48512
48534
48542
48545
48561
48573
48576
48579
48580
48583
48588
48589
48596
48600
48602
48615
48618
48623
48682
48708
48711
48721
48762
48762
48770
48775
48778
48782
48784
48785
48788
48795
48795
48822
48825
48838
48857
48881
48895
48906
48915
48929
48930
48936
48961
48967
49009
49024
49069
49072
49078
49078
49092
49095
49100
49130
49130
49130
49134
49137
49179
49182
49218
49223
49240
49243
49257
49271
49285
49297
49300
49319
49335
49342
49398
49413
49435
49454
49456
49471
49486
49489
49504
49514
49529
49563
49581
49607
49641
49653
49656
49674
49675
49679
49697
49698
49703
49716
49740
49777
49804
49807
49822
49825
49831
49835
49858
49891
49904
49917
49923
49924
49930
49938
49956
49959
49961
49963
49981
49992
50006
50010
50016
50022
50026
50028
50047
50052
50055
50075
50086
50087
50090
50092
50101
50109
50112
50117
50117
50120
50148
50150
50152
50167
50169
50169
50181
50185
50187
50200
50253
50267
50287
50298
50310
50316
50336
50359
50365
50375
50383
50393
50407
50414
50421
50428
50436
50450
50453
50466
50477
50478
50479
50500
50534
50538
50548
50552
50555
50568
50572
50575
50592
50595
50604
50611
50622
50622
50631
50636
50638
50650
50656
50663
50671
50684
50684
50692
50710
50726
50735
50740
50751
50762
50784
50791
50823
50825
50827
50831
50835
50862
50873
50878
50900
50925
50937
50942
50965
50975
50985
51014
51020
51023
51029
51034
51038
51038
51041
51047
51048
51058
51067
51084
51096
51096
51096
51112
51121
51126
51128
51160
51177
51210
51215
51216
51216
51222
51227
51249
51261
51262
51281
51292
51294
51295
51312
51313
51314
51319
51323
51324
51334
51351
51377
51386
51387
51394
51397
51401
51408
51415
51416
51417
51460
51469
51477
51504
51519
51544
51548
51560
51568
51569
51571
51575
51575
51603
51624
51625
51627
51629
51632
51639
51641
51644
51651
51656
51657
51668
51673
51682
51685
51711
51729
51761
51776
51788
51800
51800
51806
51832
51834
51852
51852
51857
51887
51901
51907
51912
51918
51925
51933
51944
51958
51972
51989
52008
52008
52012
52017
52018
52031
52043
52059
52064
52101
52131
52131
52150
52163
52164
52176
52177
52180
52193
52194
52207
52233
52236
52238
52244
52259
52268
52273
52282
52299
52333
52334
52335
52339
52371
52374
52376
52393
52413
52424
52458
52460
52467
52470
52471
52474
52491
52495
52503
52522
52526
52527
52531
52624
52642
52645
52645
52650
52652
52665
52699
52699
52704
52708
52739
52739
52742
52771
52775
52800
52821
52822
52833
52849
52857
52866
52869
52879
52912
52927
52931
52983
52987
52990
52994
53008
53042
53044
53051
53055
53064
53093
53098
53100
53106
53110
53115
53119
53128
53131
53136
53138
53143
53144
53167
53206
53230
53230
53232
53239
53249
53251
53256
53283
53313
53316
53324
53336
53347
53364
53364
53386
53398
53404
53405
53415
53433
53486
53500
53506
53518
53521
53542
53545
53566
53574
53579
53590
53596
53605
53606
53626
53640
53644
53647
53654
53659
53673
53688
53703
53706
53709
53714
53721
53753
53763
53766
53776
53787
53803
53829
53860
53862
53866
53875
53885
53893
53896
53909
53912
53936
53975
53989
54009
54020
54052
54088
54105
54116
54178
54200
54204
54215
54229
54250
54251
54252
54255
54259
54265
54270
54275
54291
54316
54323
54335
54338
54338
54341
54356
54400
54401
54409
54414
54434
54440
54443
54444
54445
54445
54465
54472
54526
54531
54535
54537
54546
54569
54582
54599
54600
54639
54640
54645
54652
54663
54672
54693
54695
54714
54716
54724
54724
54732
54732
54743
54748
54748
54751
54756
54767
54795
54814
54826
54839
54849
54851
54852
54855
54856
54859
54868
54875
54902
54910
54919
54931
54931
54965
54974
54977
54979
54998
55000
55014
55022
55023
55028
55048
55051
55057
55061
55077
55083
55085
55087
55105
55118
55122
55133
55140
55144
55150
55163
55172
55173
55180
55183
55193
55202
55225
55226
55234
55255
55259
55264
55277
55295
55296
55313
55326
55339
55348
55351
55363
55369
55371
55380
55391
55406
55419
55425
55433
55434
55437
55454
55467
55472
55475
55483
55484
55488
55505
55507
55530
55538
55538
55539
55544
55564
55566
55577
55579
55591
55610
55616
55625
55629
55631
55638
55670
55678
55683
55691
55707
55709
55715
55738
55750
55751
55761
55770
55773
55802
55811
55831
55842
55843
55843
55845
55847
55860
55863
55863
55863
55869
55881
55882
55885
55892
55894
55902
55920
55938
55947
55952
55957
55988
55991
55994
55994
55999
56011
56021
56030
56042
56061
56069
56092
56109
56125
56128
56134
56148
56151
56152
56153
56171
56180
56181
56194
56199
56207
56211
56247
56264
56272
56275
56294
56301
56311
56312
56317
56318
56331
56332
56341
56351
56397
56456
56471
56477
56490
56512
56522
56528
56544
56549
56582
56600
56610
56612
56625
56629
56630
56655
56661
56694
56695
56716
56728
56730
56737
56740
56758
56788
56789
56791
56816
56833
56836
56838
56844
56847
56848
56848
56854
56861
56873
56876
56877
56888
56890
56891
56891
56922
56928
56934
56940
56941
56941
56942
56950
56976
56976
56990
57004
57025
57027
57028
57054
57054
57059
57065
57065
57066
57068
57073
57075
57083
57084
57086
57099
57125
57129
57131
57140
57146
57172
57173
57180
57195
57215
57230
57233
57251
57262
57265
57278
57278
57284
57288
57343
57390
57408
57453
57462
57467
57469
57493
57512
57518
57526
57535
57542
57562
57565
57566
57572
57582
57596
57603
57605
57612
57615
57623
57637
57640
57666
57675
57676
57684
57691
57696
57714
57715
57719
57732
57748
57765
57769
57785
57812
57840
57879
57884
57897
57910
57918
57936
57939
57941
57946
57951
57985
58023
58031
58032
58040
58041
58066
58073
58093
58100
58127
58143
58168
58178
58188
58188
58189
58190
58198
58211
58213
58222
58238
58250
58256
58256
58266
58274
58284
58305
58306
58313
58314
58332
58335
58335
58348
58348
58371
58388
58414
58426
58429
58455
58464
58475
58490
58494
58509
58524
58527
58560
58561
58563
58575
58611
58632
58635
58647
58647
58652
58654
58662
58662
58662
58674
58676
58684
58690
58724
58753
58757
58766
58770
58788
58817
58820
58828
58855
58856
58879
58884
58886
58889
58903
58908
58918
58950
58962
58971
58988
58999
59017
59035
59038
59074
59075
59078
59085
59114
59127
59156
59168
59172
59176
59177
59198
59201
59206
59241
59254
59254
59256
59267
59272
59300
59307
59327
59335
59337
59343
59359
59362
59373
59395
59397
59412
59418
59421
59425
59429
59440
59475
59479
59493
59500
59502
59532
59561
59573
59580
59583
59596
59607
59608
59610
59613
59622
59625
59633
59637
59638
59657
59671
59682
59692
59696
59729
59735
59739
59748
59760
59771
59773
59773
59794
59797
59811
59823
59845
59862
59878
59879
59901
59906
59914
59933
59943
59944
59951
59963
59976
60005
60017
60020
60024
60046
60046
60048
60049
60069
60078
60101
60114
60118
60120
60127
60150
60161
60164
60178
60181
60185
60188
60192
60193
60207
60207
60221
60222
60224
60226
60231
60232
60240
60242
60243
60252
60262
60262
60287
60291
60309
60323
60329
60336
60353
60357
60397
60405
60415
60428
60431
60445
60456
60459
60484
60488
60488
60500
60511
60514
60525
60530
60553
60558
60570
60592
60598
60598
60612
60620
60628
60631
60632
60644
60650
60657
60673
60679
60696
60720
60748
60749
60754
60772
60780
60785
60800
60821
60827
60837
60840
60844
60851
60854
60865
60883
60907
60908
60920
60942
60944
60956
60978
60986
60992
61007
61014
61024
61046
61048
61050
61064
61083
61087
61102
61108
61109
61149
61170
61177
61184
61201
61202
61211
61212
61237
61243
61244
61249
61255
61278
61287
61293
61298
61315
61324
61335
61344
61374
61393
61395
61414
61442
61463
61470
61496
61504
61511
61515
61516
61520
61524
61528
61543
61546
61571
61586
61588
61607
61617
61625
61668
61671
61701
61712
61740
61750
61759
61766
61775
61803
61821
61821
61836
61840
61869
61871
61877
61884
61906
61907
61911
61919
61933
61935
61956
61967
61972
61981
61982
61991
62000
62010
62023
62026
62032
62036
62036
62059
62063
62066
62067
62068
62084
62087
62122
62123
62126
62128
62136
62157
62169
62175
62198
62223
62225
62228
62233
62235
62273
62278
62281
62284
62289
62296
62302
62334
62351
62353
62355
62355
62363
62375
62393
62408
62414
62414
62447
62448
62452
62464
62466
62474
62477
62482
62500
62501
62503
62503
62514
62532
62538
62557
62565
62570
62574
62585
62594
62597
62597
62604
62609
62623
62630
62661
62688
62707
62708
62732
62743
62760
62763
62769
62770
62793
62799
62803
62818
62829
62844
62863
62869
62892
62894
62896
62902
62921
62945
62971
62986
62989
62995
63021
63025
63041
63042
63068
63070
63073
63077
63096
63098
63099
63114
63127
63128
63150
63155
63169
63188
63189
63198
63204
63212
63217
63232
63234
63234
63236
63256
63259
63261
63266
63267
63280
63283
63287
63288
63299
63319
63327
63340
63341
63347
63355
63360
63379
63390
63392
63431
63435
63436
63471
63486
63487
63490
63491
63506
63511
63540
63541
63545
63552
63577
63582
63584
63585
63588
63600
63601
63613
63617
63634
63657
63674
63678
63679
63682
63684
63692
63702
63706
63718
63719
63734
63757
63783
63825
63825
63843
63849
63861
63862
63866
63880
63885
63911
63924
63943
63949
63953
63987
63988
63989
63995
63997
64004
64017
64029
64030
64039
64064
64078
64085
64086
64112
64122
64140
64143
64153
64155
64163
64166
64176
64184
64200
64204
64207
64210
64213
64225
64226
64238
64262
64286
64302
64305
64312
64313
64334
64343
64346
64358
64371
64372
64377
64378
64380
64387
64387
64403
64408
64410
64422
64430
64437
64439
64447
64453
64464
64468
64469
64474
64476
64483
64489
64492
64492
64500
64525
64530
64542
64582
64584
64586
64587
64589
64605
64617
64626
64632
64640
64652
64653
64664
64665
64678
64689
64691
64710
64711
64741
64767
64792
64818
64833
64840
64842
64853
64870
64871
64874
64890
64892
64896
64939
64943
64950
64954
64983
64988
64993
65013
65013
65018
65028
65044
65072
65077
65082
65083
65096
65102
65111
65114
65115
65144
65147
65155
65177
65178
65178
65182
65190
65215
65219
65226
65260
65262
65274
65277
65281
65292
65297
65322
65326
65348
65351
65360
65365
65375
65440
65447
65455
65455
65470
65479
65488
65504
65504
65514
65516
65584
65621
65630
65632
65632
65639
65639
65670
65671
65673
65679
65690
65692
65693
65707
65710
65714
65721
65724
65742
65742
65774
65790
65813
65820
65825
65829
65858
65863
65869
65878
65919
65922
65922
65940
65951
65955
65959
65965
65984
65987
65999
66029
66032
66039
66056
66058
66071
66073
66075
66079
66081
66086
66106
66129
66139
66142
66146
66158
66176
66199
66207
66234
66234
66236
66245
66254
66268
66271
66279
66281
66298
66300
66315
66325
66327
66333
66344
66345
66348
66358
66366
66375
66378
66384
66400
66418
66421
66441
66449
66455
66463
66467
66476
66486
66492
66500
66501
66513
66520
66537
66548
66623
66626
66634
66646
66649
66662
66688
66697
66706
66725
66751
66763
66776
66787
66807
66813
66817
66835
66838
66849
66850
66851
66853
66879
66880
66884
66907
66910
66925
66929
66930
66939
66961
66962
66975
66997
66998
67006
67039
67040
67040
67053
67071
67089
67098
67108
67121
67130
67139
67185
67186
67193
67212
67218
67240
67252
67264
67279
67288
67293
67301
67328
67334
67344
67346
67351
67363
67372
67374
67383
67383
67384
67399
67404
67408
67411
67414
67417
67418
67464
67468
67482
67490
67491
67502
67506
67507
67509
67520
67522
67526
67533
67534
67539
67573
67589
67590
67618
67654
67654
67655
67655
67657
67665
67681
67685
67691
67699
67704
67717
67724
67739
67749
67760
67762
67765
67805
67809
67813
67816
67824
67869
67873
67877
67879
67884
67938
67944
67951
67962
67967
67981
67985
68026
68031
68032
68043
68050
68054
68059
68069
68096
68104
68110
68119
68130
68148
68199
68207
68238
68242
68247
68248
68255
68261
68269
68293
68295
68314
68317
68318
68320
68324
68328
68349
68350
68364
68373
68377
68382
68418
68424
68426
68444
68446
68475
68485
68492
68497
68502
68508
68510
68521
68525
68544
68559
68563
68583
68602
68619
68646
68653
68683
68685
68691
68726
68727
68738
68746
68757
68767
68775
68781
68786
68798
68804
68837
68864
68866
68880
68891
68894
68907
68911
68911
68913
68918
68919
68927
68934
68950
68964
68966
68973
68980
68982
68988
68996
68998
68998
69034
69050
69051
69060
69061
69068
69070
69072
69092
69111
69112
69116
69123
69142
69145
69164
69173
69175
69179
69184
69188
69216
69231
69240
69252
69252
69257
69274
69275
69288
69299
69308
69335
69337
69353
69355
69361
69363
69382
69389
69393
69394
69401
69416
69445
69446
69459
69465
69491
69498
69510
69513
69538
69568
69579
69621
69648
69650
69655
69683
69685
69698
69710
69714
69722
69736
69738
69741
69742
69750
69762
69764
69786
69787
69793
69805
69805
69807
69813
69820
69822
69837
69839
69849
69858
69866
69884
69896
69899
69902
69904
69912
69964
69964
69976
69979
69991
69996
70016
70042
70048
70050
70052
70056
70058
70071
70076
70077
70077
70080
70081
70086
70094
70101
70106
70107
70107
70121
70137
70143
70151
70172
70174
70180
70183
70197
70198
70202
70204
70215
70234
70243
70249
70254
70268
70269
70276
70280
70288
70288
70316
70329
70330
70335
70335
70342
70346
70361
70362
70363
70394
70397
70431
70437
70455
70458
70473
70489
70494
70496
70509
70513
70514
70522
70524
70541
70548
70579
70588
70592
70615
70616
70639
70651
70657
70701
70716
70725
70732
70746
70756
70768
70772
70776
70790
70808
70813
70816
70816
70839
70840
70850
70899
70906
70908
70913
70913
70915
70916
70938
70938
70941
70950
70976
70981
70985
70993
71012
71013
71023
71042
71062
71065
71079
71092
71107
71119
71140
71140
71142
71143
71151
71157
71160
71165
71169
71177
71195
71204
71210
71254
71286
71299
71303
71318
71336
71354
71355
71359
71365
71367
71369
71389
71393
71400
71402
71409
71417
71428
71437
71440
71441
71450
71470
71487
71502
71519
71520
71537
71539
71553
71558
71566
71586
71594
71601
71602
71607
71625
71635
71635
71650
71661
71671
71673
71682
71683
71691
71695
71703
71707
71744
71769
71775
71778
71826
71827
71831
71857
71877
71883
71893
71911
71915
71917
71924
71954
71963
71981
71986
71989
72011
72021
72040
72042
72047
72052
72055
72056
72060
72070
72097
72099
72114
72136
72137
72182
72207
72209
72213
72231
72239
72256
72280
72283
72290
72300
72323
72352
72375
72375
72377
72386
72401
72424
72438
72438
72466
72468
72473
72473
72485
72494
72501
72512
72516
72520
72522
72537
72546
72552
72580
72580
72596
72613
72617
72620
72620
72633
72635
72641
72641
72664
72678
72691
72738
72747
72752
72773
72789
72796
72797
72805
72816
72822
72823
72828
72843
72899
72923
72923
72935
72937
72941
72945
72966
72971
72980
72980
73029
73054
73063
73078
73087
73089
73094
73095
73097
73104
73111
73115
73145
73160
73176
73191
73192
73207
73212
73234
73238
73255
73257
73258
73282
73296
73332
73334
73336
73337
73354
73372
73372
73378
73382
73394
73398
73411
73425
73447
73447
73448
73449
73453
73466
73490
73509
73510
73516
73521
73532
73532
73535
73556
73561
73562
73576
73577
73593
73594
73621
73631
73644
73664
73669
73703
73713
73739
73746
73767
73767
73780
73781
73784
73788
73799
73802
73811
73822
73837
73850
73863
73863
73866
73866
73871
73891
73893
73902
73905
73907
73935
73936
73946
73948
73950
73952
73957
73970
73972
73977
73977
73981
73990
73991
73998
74011
74017
74017
74019
74019
74023
74049
74054
74059
74060
74070
74070
74070
74089
74096
74101
74106
74112
74121
74127
74133
74151
74152
74153
74160
74164
74166
74167
74201
74210
74211
74211
74214
74229
74248
74266
74271
74279
74289
74323
74324
74335
74356
74357
74402
74415
74460
74469
74475
74482
74488
74496
74517
74517
74531
74537
74555
74561
74578
74584
74590
74591
74597
74627
74656
74675
74681
74683
74690
74696
74706
74715
74740
74772
74777
74786
74789
74789
74793
74799
74818
74831
74840
74845
74851
74851
74872
74887
74900
74905
74922
74966
74974
74978
74981
74986
74997
74999
75004
75015
75017
75019
75039
75044
75050
75055
75086
75107
75115
75137
75159
75191
75218
75235
75238
75243
75245
75246
75266
75274
75285
75294
75299
75302
75306
75314
75321
75341
75365
75372
75380
75380
75389
75391
75395
75403
75408
75418
75419
75433
75437
75441
75474
75488
75493
75498
75526
75527
75531
75542
75562
75588
75595
75605
75608
75618
75636
75662
75666
75671
75686
75707
75715
75734
75736
75745
75790
75800
75802
75806
75807
75811
75829
75834
75836
75838
75853
75854
75857
75863
75880
75890
75892
75902
75909
75914
75914
75933
75935
75961
75969
75970
76023
76035
76035
76081
76086
76086
76094
76097
76097
76113
76136
76153
76159
76186
76187
76189
76189
76191
76195
76200
76205
76207
76221
76225
76242
76256
76258
76260
76262
76267
76273
76276
76278
76285
76322
76330
76330
76332
76337
76369
76373
76382
76403
76405
76415
76437
76456
76469
76475
76481
76487
76506
76517
76535
76538
76548
76559
76562
76575
76589
76609
76622
76633
76650
76652
76661
76665
76667
76681
76694
76694
76698
76704
76721
76733
76734
76746
76757
76770
76815
76818
76821
76822
76836
76837
76840
76850
76860
76866
76868
76869
76904
76919
76927
76942
76950
76958
77018
77022
77036
77040
77074
77080
77090
77093
77107
77109
77113
77137
77147
77159
77202
77215
77216
77235
77247
77252
77256
77258
77261
77280
77285
77288
77300
77304
77350
77352
77363
77365
77366
77366
77375
77376
77390
77394
77415
77419
77423
77431
77444
77447
77458
77492
77504
77514
77528
77538
77540
77565
77574
77643
77644
77648
77652
77652
77656
77667
77668
77682
77696
77696
77700
77717
77735
77757
77772
77772
77777
77811
77814
77814
77815
77817
77828
77828
77853
77883
77884
77891
77900
77900
77907
77917
77931
77940
77963
77974
77974
78013
78016
78019
78019
78020
78024
78046
78051
78057
78066
78077
78094
78095
78095
78114
78115
78115
78129
78130
78148
78172
78173
78173
78184
78207
78208
78210
78211
78228
78233
78235
78236
78239
78246
78263
78272
78274
78284
78311
78330
78337
78337
78340
78362
78371
78371
78378
78383
78383
78388
78396
78400
78408
78418
78428
78442
78447
78458
78460
78462
78478
78479
78492
78493
78494
78501
78514
78523
78526
78527
78551
78570
78592
78597
78610
78614
78616
78617
78618
78618
78640
78645
78647
78662
78672
78672
78677
78680
78699
78704
78705
78716
78718
78730
78731
78744
78760
78764
78765
78768
78799
78806
78817
78821
78824
78828
78829
78837
78838
78858
78866
78893
78897
78913
78915
78930
78948
78963
78982
78988
79008
79019
79023
79038
79048
79055
79056
79072
79073
79078
79092
79110
79111
79132
79156
79158
79164
79195
79217
79224
79239
79244
79250
79263
79268
79278
79283
79289
79295
79298
79303
79306
79316
79320
79328
79356
79399
79404
79406
79418
79429
79436
79441
79454
79458
79462
79481
79483
79484
79504
79506
79514
79516
79521
79521
79528
79536
79570
79572
79599
79611
79616
79621
79622
79634
79641
79664
79683
79686
79690
79700
79705
79725
79729
79738
79745
79787
79790
79810
79819
79837
79884
79894
79916
79918
79934
79949
79996
79999
80003
80029
80056
80066
80106
80121
80146
80155
80166
80183
80203
80220
80221
80231
80239
80247
80250
80253
80263
80266
80273
80274
80278
80306
80315
80340
80341
80347
80362
80368
80378
80379
80389
80407
80410
80426
80443
80454
80462
80462
80471
80482
80489
80519
80537
80543
80544
80544
80544
80581
80583
80591
80596
80605
80620
80621
80625
80629
80656
80658
80659
80672
80677
80679
80685
80685
80687
80688
80711
80715
80723
80745
80751
80753
80765
80768
80769
80769
80772
80801
80815
80861
80895
80907
80928
80940
80949
80952
80972
80975
80981
80992
81021
81025
81031
81056
81067
81089
81097
81098
81110
81115
81119
81137
81166
81169
81221
81221
81223
81228
81244
81252
81253
81288
81306
81308
81315
81327
81334
81345
81379
81379
81399
81402
81403
81413
81417
81420
81423
81423
81439
81446
81447
81471
81474
81476
81486
81491
81507
81513
81525
81552
81567
81575
81577
81595
81607
81618
81622
81661
81673
81684
81692
81711
81733
81742
81786
81809
81822
81835
81839
81854
81858
81884
81885
81885
81885
81890
81902
81911
81916
81953
81957
81965
81977
81982
81982
81990
81999
82005
82016
82031
82031
82034
82043
82055
82065
82093
82098
82107
82110
82113
82114
82123
82130
82133
82136
82137
82140
82176
82179
82187
82216
82242
82250
82254
82255
82262
82263
82315
82329
82354
82363
82365
82371
82400
82402
82404
82404
82414
82422
82455
82464
82469
82471
82478
82498
82520
82540
82560
82560
82579
82582
82583
82586
82595
82604
82605
82622
82624
82625
82632
82633
82634
82650
82679
82684
82692
82697
82697
82707
82719
82722
82723
82731
82741
82749
82750
82771
82777
82779
82781
82796
82801
82806
82816
82825
82832
82840
82847
82854
82888
82897
82929
82936
82964
82967
82979
82982
82983
83005
83053
83065
83086
83121
83125
83125
83136
83140
83147
83164
83164
83176
83176
83202
83205
83206
83216
83221
83247
83254
83263
83277
83299
83300
83302
83309
83324
83327
83334
83356
83369
83382
83383
83395
83406
83414
83417
83420
83423
83426
83430
83442
83446
83454
83459
83468
83470
83472
83476
83485
83491
83502
83504
83520
83536
83542
83565
83574
83580
83603
83615
83628
83634
83634
83639
83651
83656
83658
83659
83666
83675
83680
83685
83695
83699
83705
83707
83717
83742
83754
83765
83767
83772
83782
83783
83808
83828
83829
83832
83849
83859
83880
83881
83883
83885
83894
83897
83904
83911
83915
83917
83922
83935
83949
83954
83962
83966
83971
83975
83984
83990
83999
84024
84028
84037
84044
84046
84049
84051
84056
84063
84067
84070
84078
84085
84096
84099
84102
84130
84131
84146
84174
84175
84182
84193
84194
84208
84216
84218
84219
84226
84227
84232
84254
84256
84283
84290
84307
84328
84330
84373
84382
84385
84391
84400
84416
84417
84423
84425
84432
84451
84456
84463
84471
84473
84482
84490
84494
84497
84499
84500
84501
84519
84523
84543
84555
84579
84581
84583
84588
84601
84609
84613
84668
84675
84690
84698
84700
84707
84709
84734
84750
84764
84771
84775
84786
84792
84796
84820
84822
84828
84831
84843
84846
84847
84856
84888
84893
84893
84903
84914
84923
84961
84972
84973
84975
84989
84990
85009
85010
85017
85022
85025
85032
85044
85049
85064
85073
85075
85118
85120
85122
85123
85153
85153
85161
85178
85180
85210
85219
85219
85225
85233
85234
85274
85299
85304
85308
85310
85316
85320
85342
85342
85350
85352
85373
85387
85396
85402
85407
85409
85426
85426
85431
85450
85467
85472
85476
85487
85494
85500
85511
85512
85518
85536
85537
85579
85584
85601
85654
85689
85706
85740
85750
85757
85774
85783
85788
85790
85798
85817
85848
85848
85873
85877
85880
85886
85889
85896
85901
85926
85927
85938
85938
85940
85941
85945
85946
85946
85948
85958
85968
85992
86008
86020
86022
86033
86044
86049
86056
86059
86067
86072
86084
86097
86100
86104
86133
86137
86146
86147
86157
86203
86225
86240
86248
86256
86257
86264
86267
86267
86272
86275
86277
86294
86297
86306
86333
86339
86352
86354
86354
86362
86387
86404
86406
86418
86435
86469
86495
86499
86502
86503
86509
86531
86533
86534
86542
86553
86576
86576
86591
86596
86598
86600
86604
86608
86635
86636
86647
86657
86684
86690
86697
86706
86709
86716
86719
86730
86744
86744
86768
86786
86792
86821
86822
86846
86856
86871
86894
86909
86915
86929
86932
86935
86939
86977
87014
87025
87030
87070
87073
87084
87084
87085
87103
87104
87108
87115
87117
87117
87122
87125
87126
87156
87176
87186
87192
87201
87205
87216
87252
87255
87274
87274
87276
87281
87318
87327
87329
87331
87340
87423
87429
87437
87437
87453
87453
87467
87470
87475
87492
87502
87514
87541
87543
87561
87573
87605
87616
87617
87636
87640
87654
87658
87680
87696
87719
87727
87734
87734
87743
87755
87764
87765
87767
87769
87784
87797
87807
87812
87814
87822
87823
87831
87837
87846
87847
87848
87861
87862
87864
87866
87869
87872
87898
87910
87922
87932
87939
87944
87947
87965
87991
87991
88003
88011
88013
88015
88031
88039
88042
88043
88056
88091
88111
88117
88126
88127
88131
88136
88152
88154
88159
88174
88175
88182
88189
88212
88216
88217
88217
88225
88226
88232
88244
88263
88265
88275
88288
88301
88302
88316
88343
88356
88358
88359
88363
88364
88366
88376
88380
88405
88425
88435
88439
88444
88447
88447
88454
88474
88496
88499
88506
88533
88544
88556
88561
88563
88573
88587
88588
88594
88618
88620
88627
88632
88641
88642
88643
88648
88652
88669
88670
88677
88695
88699
88708
88731
88742
88743
88749
88768
88770
88779
88790
88811
88811
88862
88902
88915
88924
88934
88964
88973
88982
88985
88989
89001
89003
89010
89017
89021
89049
89052
89063
89067
89078
89087
89103
89114
89115
89132
89135
89141
89151
89156
89168
89170
89188
89226
89242
89246
89252
89262
89267
89277
89285
89289
89296
89297
89297
89298
89313
89330
89337
89339
89348
89348
89352
89357
89390
89390
89390
89403
89407
89409
89411
89423
89429
89444
89452
89454
89463
89471
89472
89483
89490
89511
89515
89516
89530
89561
89574
89584
89605
89614
89638
89640
89641
89650
89685
89689
89703
89708
89733
89736
89742
89761
89763
89775
89780
89787
89795
89815
89818
89831
89843
89855
89860
89865
89868
89875
89881
89887
89892
89905
89910
89934
89970
89971
89986
90018
90031
90055
90059
90076
90077
90094
90094
90095
90101
90102
90107
90112
90125
90130
90133
90136
90139
90139
90144
90178
90182
90183
90223
90229
90236
90238
90253
90270
90271
90272
90277
90282
90284
90296
90304
90305
90306
90308
90312
90316
90319
90331
90369
90370
90372
90382
90393
90408
90439
90442
90454
90455
90478
90478
90479
90492
90498
90517
90539
90544
90564
90571
90573
90574
90579
90583
90590
90609
90609
90623
90635
90646
90658
90660
90700
90722
90731
90740
90743
90765
90801
90805
90830
90833
90834
90835
90836
90863
90916
90917
90940
90942
90945
90945
90962
90963
90966
90971
90985
90996
91000
91003
91005
91048
91052
91056
91067
91068
91069
91075
91086
91091
91101
91102
91103
91106
91119
91121
91132
91134
91147
91167
91179
91183
91201
91202
91225
91248
91253
91267
91267
91284
91292
91322
91339
91344
91380
91385
91398
91404
91412
91415
91432
91446
91453
91469
91479
91499
91508
91513
91529
91532
91546
91547
91547
91549
91558
91588
91593
91632
91637
91638
91639
91649
91659
91677
91687
91715
91727
91731
91735
91745
91749
91753
91756
91757
91765
91765
91767
91768
91789
91804
91810
91817
91822
91824
91833
91851
91858
91884
91891
91896
91900
91902
91917
91926
91969
91970
91970
91971
91977
91989
91990
92008
92010
92011
92041
92044
92066
92090
92092
92092
92110
92110
92113
92140
92150
92162
92184
92185
92192
92198
92200
92201
92202
92205
92209
92214
92230
92230
92235
92242
92244
92256
92261
92272
92283
92302
92318
92322
92334
92335
92342
92356
92370
92395
92429
92452
92495
92500
92520
92527
92541
92553
92554
92558
92560
92563
92565
92568
92609
92611
92613
92614
92619
92639
92644
92644
92675
92675
92677
92683
92684
92711
92726
92735
92736
92737
92737
92739
92741
92745
92753
92756
92757
92766
92776
92792
92799
92810
92841
92844
92861
92922
92922
92924
92939
92960
92965
92975
92979
92989
92994
92999
93009
93014
93023
93024
93026
93056
93092
93106
93119
93121
93129
93155
93166
93173
93197
93214
93220
93228
93242
93251
93261
93269
93281
93332
93336
93347
93349
93354
93363
93382
93391
93402
93406
93407
93413
93420
93423
93437
93443
93456
93467
93474
93481
93487
93488
93494
93497
93503
93512
93540
93544
93567
93569
93587
93596
93602
93619
93626
93634
93640
93643
93658
93680
93683
93685
93688
93741
93742
93751
93788
93789
93793
93803
93819
93854
93880
93880
93882
93889
93903
93913
93929
93980
94009
94013
94014
94014
94019
94043
94049
94062
94112
94113
94129
94152
94159
94165
94177
94191
94191
94192
94201
94203
94214
94232
94232
94235
94244
94250
94266
94268
94273
94293
94293
94297
94305
94312
94315
94330
94331
94346
94359
94376
94376
94391
94399
94406
94421
94425
94439
94448
94451
94456
94458
94463
94464
94467
94484
94518
94530
94534
94535
94536
94539
94550
94554
94555
94557
94557
94562
94578
94603
94611
94613
94613
94634
94635
94645
94647
94649
94657
94658
94661
94665
94668
94675
94675
94697
94709
94710
94712
94720
94724
94733
94747
94769
94779
94817
94837
94848
94855
94857
94857
94863
94864
94865
94872
94880
94909
94909
94920
94927
94932
94951
94953
94960
94976
94981
95004
95007
95010
95019
95021
95042
95045
95070
95073
95089
95094
95107
95117
95124
95129
95132
95132
95139
95141
95143
95154
95158
95159
95168
95177
95212
95215
95224
95255
95263
95284
95287
95288
95294
95297
95300
95308
95310
95312
95313
95333
95335
95336
95348
95351
95362
95362
95375
95380
95391
95401
95402
95417
95431
95459
95480
95490
95500
95511
95515
95541
95541
95554
95556
95573
95592
95606
95611
95620
95640
95658
95660
95689
95699
95700
95708
95711
95712
95713
95715
95733
95733
95757
95772
95797
95797
95801
95813
95819
95820
95820
95830
95832
95845
95871
95873
95884
95884
95892
95912
95920
95923
95948
95949
95956
95975
95984
95988
96005
96014
96025
96031
96045
96051
96081
96085
96100
96109
96111
96119
96135
96137
96141
96146
96151
96157
96178
96185
96185
96194
96205
96208
96212
96218
96224
96224
96231
96248
96258
96271
96283
96299
96316
96319
96338
96359
96383
96385
96394
96399
96402
96414
96416
96425
96435
96465
96477
96500
96504
96507
96514
96524
96530
96542
96559
96563
96574
96574
96579
96582
96591
96604
96610
96613
96616
96627
96636
96646
96652
96680
96680
96687
96690
96692
96711
96718
96734
96737
96739
96742
96743
96769
96773
96785
96791
96794
96796
96803
96815
96817
96835
96851
96852
96854
96862
96869
96873
96880
96890
96890
96899
96904
96907
96929
96944
96948
96949
96959
96972
96974
97004
97026
97039
97039
97042
97050
97067
97074
97110
97120
97139
97149
97163
97175
97196
97200
97205
97205
97217
97227
97232
97260
97274
97280
97285
97300
97301
97308
97332
97341
97342
97359
97378
97380
97399
97412
97413
97426
97438
97438
97439
97443
97452
97487
97494
97498
97499
97500
97510
97533
97547
97557
97565
97578
97627
97633
97636
97644
97651
97660
97661
97661
97672
97673
97682
97682
97683
97693
97701
97702
97712
97715
97721
97727
97740
97745
97750
97752
97753
97756
97761
97762
97767
97771
97790
97799
97804
97806
97810
97816
97823
97828
97831
97835
97836
97844
97846
97872
97873
97896
97927
97936
97937
97966
97971
97974
97977
97981
97984
97987
97991
97995
97998
98000
98014
98026
98040
98044
98052
98071
98073
98135
98140
98141
98142
98150
98172
98176
98182
98188
98204
98219
98230
98234
98236
98238
98238
98259
98273
98281
98300
98301
98301
98318
98334
98339
98366
98384
98386
98389
98393
98400
98406
98410
98423
98427
98491
98496
98499
98505
98546
98573
98589
98600
98604
98606
98614
98644
98658
98674
98685
98687
98688
98689
98707
98709
98733
98741
98746
98760
98760
98761
98765
98766
98776
98787
98807
98822
98829
98830
98837
98881
98890
98894
98897
98912
98922
98950
98973
98977
98995
98997
99001
99019
99027
99028
99034
99040
99073
99080
99085
99094
99110
99115
99116
99119
99125
99133
99159
99163
99177
99200
99209
99210
99214
99226
99229
99232
99233
99259
99260
99269
99283
99292
99297
99310
99323
99342
99345
99359
99370
99375
99401
99408
99412
99445
99460
99460
99473
99476
99477
99485
99492
99499
99527
99532
99548
99603
99617
99626
99629
99629
99630
99644
99647
99659
99671
99679
99681
99690
99695
99707
99714
99719
99731
99751
99753
99763
99773
99774
99803
99805
99817
99828
99829
99845
99875
99878
99881
99885
99886
99890
99913
99923
99930
99931
99932
99950
99955
99967
99970
99974
99979
99981
99985
99988
99998
