61731
56204
98586
37101
56226
32173
33298
73548
10000
3832
659
67819
67573
89979
26959
76379
89358
17859
44142
99792
81614
33922
67456
92207
42379
33839
16837
19058
34795
50928
52120
89173
50001
55647
51039
69709
2458
33638
84682
53083
29800
88458
78785
74539
74552
15276
96375
41714
30542
75036
67086
87797
34752
9067
49563
25411
53099
52329
39149
11954
38140
44362
66822
92564
26035
13103
46748
3596
89237
49740
32207
62900
15337
87543
1701
54906
72724
392
50033
86194
27285
60447
11812
73717
35320
63751
20385
90512
84375
59210
23472
78293
71521
12065
1226
79065
83880
60112
32613
79297
79091
85625
24484
77788
68943
23050
14963
87798
42965
68210
82411
36469
74907
25478
21281
95570
38482
47367
30022
58323
62044
31575
64924
47723
93543
97745
45888
51234
36336
9577
49718
97045
70062
6567
93807
62573
12129
87949
55101
53675
97253
19349
80622
13456
97639
25787
77344
68312
8637
62203
49
99991
55852
86482
66957
72585
23691
46860
24978
45016
8768
39379
57985
13858
89981
41583
39532
41347
84582
99093
19773
57106
54194
84034
84314
94925
7392
64501
1028
68197
8434
9086
90933
22447
90603
8775
72328
30115
24512
35770
54856
31803
470
22309
15982
44912
21446
33316
46971
10524
83512
23970
76858
7959
94963
20752
51804
1144
39671
22458
32683
35925
53709
12425
75441
79250
45019
67012
49611
48731
72108
18255
21782
68152
89166
75573
81969
49585
33321
62639
26331
92096
56976
1734
72151
12231
20057
51124
1299
69829
3385
49344
45273
87861
64243
50287
7243
58630
63954
61453
86840
41876
7517
71589
97448
988
57473
27971
12909
45309
77383
42974
47933
28566
35153
27669
9381
84174
63332
44850
33147
54195
36952
91689
7888
31635
69091
41271
68551
97293
50938
88542
87216
51658
4955
19414
25461
78123
67066
15988
96708
71580
32196
20835
14973
1428
69411
26105
14506
60249
62228
88710
9770
59418
62099
66383
17999
15049
27093
55355
42482
54663
42693
33040
80007
18450
71489
63524
14104
57181
50249
19160
16261
22754
89229
13936
18511
64851
65578
88645
16764
85940
79598
34192
2563
89152
12332
86896
99859
56778
60372
57779
58710
41764
8822
42014
47732
70844
77965
34647
33534
38376
83544
24064
36230
91919
84404
66993
80557
16266
96377
66908
18221
99910
34393
83205
75103
9591
99369
49344
47602
18465
69358
24044
64018
85799
77209
95954
62024
35142
31963
53841
23090
85774
43529
14663
99762
6917
34919
62368
41215
14371
53553
4357
45676
41103
21134
80799
14877
23316
18126
62630
75423
98561
87667
22597
30924
10544
20192
38494
98015
89001
61412
67338
70807
32717
19877
31209
38176
81482
39915
77368
2492
69472
24382
3069
49873
20916
99868
25126
25514
92186
56702
23766
28913
56850
69961
35935
53224
63962
64184
79044
18394
81554
71838
48733
10235
49058
51197
40359
79039
97235
84350
46235
14867
65475
40702
59275
31751
71811
82297
50762
27877
10622
62070
48709
46409
53746
98254
27053
88883
23102
82419
56909
65178
76750
65370
42983
73888
81950
44366
46679
36729
98186
21864
39725
77238
96084
71927
80129
43563
1664
41914
51497
79878
7758
66899
53438
66333
62609
73852
89272
38893
89869
55064
5704
94653
63039
15436
12176
40555
53633
52146
71414
51737
83875
9091
8793
21539
88857
32589
99988
64141
50249
32221
99782
97325
86375
26963
93526
94539
68445
16616
65552
60335
29957
14854
19545
22434
37575
9784
88901
13681
33631
54309
9241
61216
10213
76534
98465
38388
81782
72894
83359
56567
52684
53420
56548
64584
81925
74093
60892
6177
41394
98898
20337
30923
42450
12144
48241
68137
39593
53593
81296
46871
77990
19827
2164
13633
49967
82499
5677
70233
74333
86195
82308
59905
31799
30705
14453
74310
62395
73844
78521
79064
32538
61362
64268
29685
23952
70372
55856
47710
44643
52388
4364
71371
76878
49246
78912
71138
45893
13787
63940
37700
57570
36326
88681
50918
27926
44001
56250
69283
99673
62379
32667
67814
75508
72630
11796
28634
33870
16727
55703
95835
68927
90888
44111
45466
90789
96384
57327
63950
51407
60282
21264
52673
53756
99256
78128
99414
98348
72969
76289
20448
44469
46103
28371
10916
13000
10323
95407
94729
48729
77056
68009
57754
60057
25594
34248
16081
99891
52666
5501
39077
34150
39939
26866
21829
3080
5088
88862
41721
98439
59087
90807
75374
29982
37806
89466
80237
32417
51796
60190
99858
8511
27973
52856
8921
45665
9278
58100
15300
2015
13299
15199
17683
50216
37439
92236
50811
24265
50310
18019
32795
82733
47221
63935
16937
40494
38299
97679
41277
92670
1364
63510
57241
16213
76530
33055
97604
62584
61259
8397
78132
36335
72671
26136
86106
19615
14264
10266
24420
61831
9543
5089
60108
3644
43088
90556
32572
55648
5317
60867
68614
20227
4289
75357
49037
32599
71482
58435
1331
91268
14222
11605
59079
4651
88568
48701
17386
65849
25142
63780
80816
42857
53403
27697
41587
63669
59760
34013
22076
57825
39314
30936
91292
26151
53976
61070
34215
24052
33038
69170
69478
38093
11948
47214
34433
72806
6595
1522
85815
26312
4069
81545
94868
94187
6733
26979
80707
60531
97748
96105
90070
39721
21010
18971
37292
89879
53004
28285
58739
28577
82002
18243
96002
48574
31529
60942
17451
27805
70257
81345
73296
94429
2180
21429
96572
47665
75802
11677
88111
50565
54735
49243
11516
20419
55704
85833
11326
68580
15088
16052
13618
39562
33212
83756
73968
72391
9090
37619
43305
2236
55590
75418
60808
74307
30382
37708
36887
7621
49976
75435
86504
26471
1958
16352
16328
38177
28975
90361
49608
26131
17163
19934
25659
33922
91946
1717
66881
41355
83149
77372
15473
4866
26692
52390
468
40514
5613
19633
61509
39292
26235
35357
57995
49370
94924
17608
61534
23573
25830
14020
70816
14693
40018
51883
57318
24653
15445
4317
52745
55806
54288
15619
93158
30943
89147
45954
19290
73624
56219
14973
97979
10556
82031
92514
42271
54603
47252
37489
67881
30440
85539
65502
33863
67364
61413
50343
1312
2239
53520
34124
64336
88358
84578
5973
23022
20965
64807
7767
87099
82492
62224
79178
47512
44058
83604
56129
56566
72681
35187
94877
35149
4967
78433
37979
50269
78712
2697
81797
68618
18088
28803
18126
1769
19023
92630
3359
95572
77442
23609
66711
52623
37339
44679
76868
51013
56156
29619
95321
8129
95529
9801
89044
78567
30748
14660
2792
11052
46881
79561
29458
58654
10898
1726
89838
4337
7139
98915
8121
85838
74970
33381
53045
41439
18445
14450
96703
75049
29249
28039
45873
36795
37983
44683
20668
42769
51598
80869
50392
38275
81987
81442
81209
11593
12033
13102
16042
59948
1717
87977
18451
76072
46747
22694
44231
33328
35774
55673
98205
15411
18156
1190
38740
60476
67824
50607
71999
91722
96280
30647
96736
93192
5280
82318
82440
7312
6252
51962
5064
36276
29797
9228
35003
22270
99999
67133
57671
65723
55928
1664
80028
49889
44688
10622
92574
13214
78278
64467
90251
16178
78735
59656
42471
23181
19911
2235
48837
95203
64354
75901
52230
20159
4911
71966
51416
33198
70275
60785
66006
40427
69506
70597
22759
96456
64502
41768
9319
61042
28115
26283
63242
12669
45697
20028
27742
37705
38355
76553
48394
62623
81949
33608
73206
53070
93133
93256
60767
56446
38358
2364
1601
68645
23181
35001
27030
57769
88623
86382
76931
87244
32717
41668
73084
67335
70318
27419
34769
22104
22667
31649
4510
31870
4140
85519
98281
70853
88715
9787
85117
32790
10425
28946
7602
60350
48854
82594
41534
99413
57971
27885
13433
43713
69404
39079
76187
21113
14268
80638
99529
86906
91496
12015
36474
88973
74769
99288
24473
77147
70313
57870
82612
1191
2731
94360
16215
47164
46069
64051
58653
91219
47399
13714
71657
74987
32962
64968
57532
79478
49892
78296
50882
43962
62927
82176
91404
33981
40426
61260
92414
85470
23344
35309
67849
78235
62254
87208
71722
26127
38198
97102
3981
19282
92943
21462
30523
73931
99815
96472
63297
86911
95437
74486
15734
74802
52752
98944
79917
72677
94357
51627
39772
44128
62360
27149
21117
81209
33487
90360
72571
3459
6612
13750
37225
98311
60593
52768
9770
14346
16898
24722
32526
66937
61552
43880
42828
10549
5755
42488
50723
60428
36413
3689
81554
34580
65313
79431
36101
43568
50647
82014
65198
31936
75920
6979
3765
12162
97567
79827
42723
51778
96986
81809
58379
19574
99769
73524
59501
30910
63017
98738
55033
4928
45998
35115
44565
20038
98774
90820
55179
7129
88958
97976
70697
12680
43364
39733
30610
85382
17056
74085
21739
64308
45191
23478
95327
7197
25298
36006
66764
48491
75079
99076
82047
87569
2636
63180
2056
62970
38047
49348
88514
96914
96206
56586
88548
64213
99637
33321
38651
72538
24693
77086
97027
64954
87092
29852
10584
53918
12346
659
87752
35840
85238
51369
79809
90558
25719
72726
86240
6037
40099
46999
55936
98145
60908
75533
55290
85699
66920
27591
66962
30540
60186
55809
6928
46415
12097
58962
39983
4005
45802
33704
53480
130
3623
8726
64235
52899
99860
53442
48003
43982
30811
29505
50716
25307
55428
78706
51421
80659
15331
48533
96888
45875
95019
46612
78719
68526
95195
28076
44697
82524
176
87360
9448
20301
57882
54739
2258
90873
90878
68011
85503
31559
1312
6559
83220
54368
31939
66125
27681
79579
89570
76758
13051
37964
59203
80653
12683
33850
18844
76599
63291
72058
67426
45757
15276
80940
23503
51549
34754
96370
70736
44505
31992
95387
24721
48785
48938
27232
52008
59758
50299
69336
45097
98222
48581
8490
3200
10248
30849
87021
58044
42941
29016
13555
94789
60928
70835
32964
18119
404
6462
90555
65217
342
36835
43904
77036
69776
78170
91157
54150
6839
30293
9874
94094
18922
57839
70780
47817
68029
33079
30508
68829
2074
49621
55570
59841
51785
8984
20216
32854
24899
71085
82059
7104
29668
722
5612
24528
46056
92147
27063
6709
23961
43693
28186
75418
23083
71921
51118
90234
28482
65376
87656
40797
42198
98569
4341
30717
51303
93232
29677
97039
82529
91576
66175
46693
36482
77147
98790
3141
35437
2708
53298
58523
8132
49313
27748
68419
34031
97381
9306
99924
96207
15766
77197
18628
92302
75884
47072
53724
89498
82064
56769
55870
44536
14068
53396
9579
90247
73778
76853
92378
69216
97323
42567
61549
7194
39712
89865
62373
31306
49955
74245
42434
15653
36975
50889
35138
6694
65642
50683
77123
91603
47314
10117
47435
50484
50797
71593
5353
813
75331
41875
58374
77871
8845
25977
34802
48239
62845
22082
97761
85154
60670
72354
76911
66211
59327
157
82330
96408
90209
53992
18362
79950
92068
31382
94004
5726
67921
42444
58271
99483
93046
73459
70522
59697
12013
13974
81123
40869
27236
91402
71030
58094
40354
69417
73832
5828
9240
65421
64465
72060
77255
35501
99994
2697
33068
26189
57079
20457
74169
71495
76060
86995
32674
23394
95559
15580
33574
12437
53472
88940
17590
99936
75364
18264
6642
7277
10121
63222
39036
6430
52041
27403
29724
4969
38752
11927
24862
20695
15888
405
53547
80441
16859
89897
37637
4658
29652
82499
95561
57456
42977
9213
42231
80205
10088
4432
2482
97382
53729
37361
23991
16439
55904
85961
99651
23508
34392
58422
8094
6172
85582
33631
56224
29978
35895
60492
43577
8028
13992
84376
41237
70542
14678
14016
7841
56725
76560
38052
83060
96708
33599
23971
40960
25498
44767
99251
19011
75941
78956
55683
91847
3272
9767
38995
70614
24702
30129
19019
740
71901
91276
49723
35712
3073
64518
97509
54146
29739
62701
81165
79392
14089
42608
61475
21286
1548
96449
67841
60996
50098
67360
15533
19667
95725
43173
33162
78860
28870
28434
75451
56669
94282
74927
86332
2945
57556
87448
18849
60477
35493
71766
3099
83384
37420
55524
3650
69340
83519
70020
97041
87900
46645
67294
50793
16130
3759
54352
849
49958
67190
30171
42297
80435
31323
94845
47329
37269
26962
23471
13754
34654
37503
84802
73575
40331
40784
30976
51522
74330
61347
88917
58726
43233
44683
28480
40660
31002
79597
6216
60346
67805
87893
87217
36208
17842
42754
59261
54086
3014
59916
98198
20304
99956
3346
30559
5904
84594
47261
14935
84927
6487
93460
13490
61995
55022
32708
47385
48028
99440
34603
62480
74831
46695
63091
44493
59357
66183
81608
52623
9685
2215
92922
66428
82574
43284
6422
34948
37192
36157
38905
59770
23596
54453
90824
9378
82933
66436
77965
37053
47192
64558
27404
59282
79478
88596
98848
43079
33668
92708
75312
18803
33328
83475
58719
90319
2466
972
83146
99509
96946
33726
54203
30015
27173
95696
12739
80611
47245
92978
60317
70159
51656
63415
79129
55164
47945
28549
58749
86563
84038
89161
97120
34461
48869
36998
14173
43738
27315
74129
92997
87241
44359
54315
52392
59987
64491
18534
95307
84206
26316
67856
67410
18338
37338
11857
19800
51761
58875
128
97318
29225
9909
31859
85859
17233
95625
48899
45666
78539
42488
58861
44737
93037
7027
62808
32491
45582
66571
74661
30283
9891
43197
24733
31575
79732
92631
49462
47454
67189
44343
11170
68112
53449
65351
72489
64717
26554
11580
60691
11939
92110
61028
14883
48054
49249
33579
6718
46831
57046
56085
65688
82914
33188
62850
43907
48143
45153
17854
80296
49535
62735
4067
51693
30735
85505
12636
97030
3500
26595
91015
38181
74090
92000
67778
21850
53666
93245
26139
94171
11043
63489
2420
79744
54800
27927
7772
88533
40040
12909
31634
40622
68234
58569
9210
25696
3885
3121
7931
57370
76546
47687
64758
53806
51365
33589
20099
98920
51795
32376
91923
32718
71221
78727
57045
24505
96230
74212
73431
16795
43692
7297
97778
38359
92954
4201
83418
87531
42978
40131
8489
73562
59852
91709
9268
35761
59981
23073
69910
34846
13950
11897
4458
79611
22693
70637
93987
84152
91602
59612
34916
6565
48025
27174
64917
94672
41060
78480
76522
40330
63329
52584
50397
89287
94677
66923
18514
93468
16366
43019
68849
29531
91116
54691
59638
41604
55267
68583
43583
73815
81409
90401
5482
77177
59439
24291
32970
6583
44124
78053
50379
84942
34137
11332
4713
62941
19740
16508
20785
54456
65452
65114
95581
3118
29906
80981
15244
88453
16302
45572
73097
82936
92461
47320
30426
75745
22985
96791
75204
12429
43637
60699
27197
99430
39125
32200
11837
46356
2569
79328
95388
19458
58995
94142
31845
52549
67199
31890
82046
58301
59867
63684
43415
49936
58851
16021
23177
34967
48949
81865
70712
54504
14341
79055
86631
581
83599
21438
37901
3315
93323
49029
23605
66353
91745
93220
21042
75933
59833
54962
77285
16744
32966
15037
92141
62990
17025
35494
25148
56959
15764
85831
18988
25429
46117
80264
77700
26995
78939
2130
11432
7620
4033
69477
17782
13701
43444
50618
73064
16306
77312
85515
7634
80831
56121
61070
11784
66253
13522
49644
12695
19858
82552
399
42312
66624
68253
67020
4340
83200
13256
60902
79505
88167
29006
41902
84691
84750
21785
18034
56498
77859
39161
27822
14641
57341
29098
27645
34063
49595
61373
4814
95915
29441
77440
75237
66126
98272
26236
48839
10471
56093
48019
8370
95383
83823
80001
48688
49983
75323
59166
36136
25326
87335
43954
15692
81743
91032
98557
86433
87526
26118
28286
12043
46119
54299
15684
81348
15537
47015
61223
93124
96124
2605
53121
93544
254
2751
2776
20477
72117
65525
81265
1224
14374
94516
92382
82522
74043
76765
26715
41982
69882
41545
14698
15729
95804
32901
94756
57294
83000
72196
45620
9007
88438
15260
52102
88626
26197
87483
19803
61839
25520
96876
15914
78790
64819
19497
66982
77049
92091
15561
90606
25273
1380
56031
50729
62225
94932
62027
49702
75993
35897
75095
5111
27986
64408
78261
11113
77969
73094
95136
48582
83108
55722
75659
41844
45523
88948
60908
57610
97019
34630
27094
8096
51719
23332
61042
44312
42109
97199
71796
39049
73941
43916
42657
89248
35423
88699
24355
84865
16277
54552
29290
50008
39670
44249
51790
37633
58154
96147
65495
30841
39889
9563
52987
46561
69156
9728
22800
35433
87902
39502
1105
27377
31005
76876
13546
65283
17429
43834
40115
66658
72361
25461
44910
2496
40178
4702
93123
22099
81590
59546
93123
8983
1543
8325
57201
67250
32819
73150
81875
61207
5163
12154
56942
52189
46364
49468
98311
52426
69405
58594
83962
61819
1915
76987
44674
14297
13369
46241
43329
84805
19280
43675
18604
45594
82327
55904
14478
1315
80582
21905
54636
12006
60711
796
8832
58437
91672
46029
96602
24953
17474
26317
92962
31380
65671
49730
3530
26876
43734
12380
39079
51804
16067
48370
71233
72731
43140
18843
91465
97348
3613
80040
55501
43352
74694
53049
81621
86151
1582
4139
84517
52815
6447
10059
1396
92426
17306
8517
70036
22115
43949
44421
41217
47837
22136
99040
21673
78000
45426
44845
49298
6487
71790
50748
65683
63796
44642
76012
65538
56273
868
80685
81580
76962
41724
45626
76192
36332
60780
71191
90168
88405
96153
68086
31465
36069
80034
97941
32423
97665
25021
8945
58381
71413
29999
29487
85602
60440
43675
13071
49722
75306
60236
45873
80680
81186
69005
1996
92671
15364
99717
17520
23211
7469
46168
42821
29292
37848
4693
11263
25616
38296
71657
84937
97246
89336
8320
95468
83975
65066
68067
58183
25257
55760
93988
82832
22617
32651
16014
44997
81883
60161
49417
28432
25891
85040
93088
12338
16802
57542
54679
36911
43050
8659
33757
72836
14643
90190
57426
93710
26810
79526
45534
11297
94675
52266
94924
19997
49262
88377
47355
42813
22731
30887
43344
55315
93885
30556
17031
79239
9698
61951
6873
51397
82691
14301
23043
72670
73749
6241
77546
53274
43921
79765
90392
24630
51829
95817
88656
58562
89255
63424
87969
47854
87233
6995
65509
8885
30004
29586
72515
87118
5288
27952
74572
15668
57708
18874
40434
26834
47522
25052
89969
87103
69927
55844
87661
62419
83585
60482
78210
75432
72246
80416
52447
46638
8713
99586
82467
43421
80
56958
69822
28125
74481
23063
59784
67692
12759
53413
20030
75040
7033
84475
89897
73218
58507
59321
51688
77317
40151
78120
81812
97394
1442
53559
34746
9848
31129
47659
8080
7354
33467
90412
61112
59200
92401
44079
67880
56086
5516
9219
13510
80236
37752
75363
16783
88734
78213
19437
73801
71155
60250
13563
80394
8579
68059
90888
36335
15693
24398
90138
47535
79892
80509
92288
18795
89572
79752
15696
33809
22617
58257
50401
14306
15546
21009
92640
60140
1545
71013
64814
44827
29957
49338
37567
50210
54920
86746
49266
25473
79723
76531
69383
90623
20744
96491
1963
48754
77342
12760
31750
74763
59261
81095
92891
86446
69206
60796
79878
76951
61253
33095
83638
36452
73397
57066
13146
60027
39007
44650
47285
31977
68136
80779
17587
35404
93331
17553
66543
17402
62864
72657
99404
46020
59799
49421
9289
65171
48900
86905
23314
70466
32677
87497
12445
8599
11604
37769
6743
50396
22623
15385
81116
8867
6568
51125
3968
3196
67601
90735
78526
53193
51958
81902
1717
87215
81182
18099
6871
16458
2500
16786
27379
50905
23502
54548
14120
46830
48803
56887
33254
34339
74395
19796
93606
33115
14275
24553
15974
20741
15185
14319
85541
21191
77428
39940
36579
22711
96412
50
98784
18086
3003
57984
33784
61908
12336
18742
12803
9955
38224
89672
60788
25514
84188
782
94097
18485
19144
25789
5965
28478
14504
23162
75902
34841
90790
33841
94523
88583
41127
98067
97742
34115
40977
52700
33781
48310
45801
73406
99581
2582
41224
93461
68106
97137
10197
96084
53319
8738
72175
52277
35396
52346
36003
14602
65291
53085
6615
87961
43572
39384
6943
93469
53046
85768
38829
44912
4278
58978
37881
64470
50840
89427
87769
3365
13811
9931
93763
37081
80518
9120
90329
96334
42725
30530
24145
65624
23697
44125
35330
76211
97840
90511
42035
36094
22462
98827
77558
95248
88442
68462
89166
91404
91275
41305
74222
52567
53451
12589
6052
99872
18573
20959
11516
20876
64448
73955
29563
63627
71252
18652
71753
73969
17726
65356
61266
77480
96173
84820
15646
90003
37218
11637
90845
65574
18043
11947
24374
9730
74075
14374
18798
8058
98937
43360
63638
74861
57839
28347
12311
43478
43173
68925
98452
54400
99353
60211
62927
2356
89405
40161
15866
93137
54398
80515
70186
16028
36881
76513
33221
2457
49522
75410
91919
42375
18697
12173
98592
22320
88427
69967
65241
13384
59996
24581
18142
62871
98816
60446
83492
7553
86525
24473
80311
26374
24024
78403
41019
15560
38736
29111
8272
97723
36576
18249
79076
59270
37684
87889
11352
71836
10742
78552
2029
87913
69388
42147
11032
9231
30060
80640
65604
71677
5480
83203
20157
43808
30632
17571
43359
19065
67358
7806
67953
13939
26663
36465
7052
70321
3374
24662
38633
69150
44875
21909
15425
92089
5312
18497
46979
9402
81311
42639
96913
61610
9785
15582
64166
99971
13413
42741
25382
68576
32194
42075
10057
32162
73327
88764
43558
44415
13316
68224
49782
25848
65652
15532
78266
3748
18910
12074
14327
39807
78182
78479
530
76966
90984
68951
31364
93643
70021
50257
94485
8497
79441
47439
32243
19211
51734
86398
3925
67983
95912
16035
95772
75932
93688
43680
64024
684
95042
79996
44075
95000
16305
16865
29831
52894
24993
73688
98056
28820
87371
82877
57052
85861
29808
64839
85885
498
73197
84660
49596
89573
60826
26736
65821
66350
72796
92477
43974
88964
93246
81806
42799
41746
55982
71675
41641
44017
71291
69141
75188
75957
14516
65075
15799
26611
60469
54390
83818
87617
50943
32594
33308
15131
21352
24646
92619
60698
3614
2636
41865
60343
22715
42711
81972
82834
82120
68844
40636
11884
6248
10532
82351
21256
23036
77944
87026
2812
84713
47138
80636
57388
2979
93544
9266
90042
62271
30793
11517
96955
49846
22747
87938
64046
27289
52382
52321
47337
97240
95020
22610
93450
79001
43346
1094
68797
74504
79549
87446
18598
75075
18097
22220
29875
27646
11780
91595
61758
60122
84846
32531
83688
20723
39950
19719
72567
59508
49090
59369
12688
68867
16816
97810
46623
99089
48638
40548
61349
86867
14878
26893
94970
2209
10279
88112
79125
39924
46227
15363
78393
12381
74231
44852
60812
87633
99510
44930
26103
99491
58546
3032
42715
59210
75259
82167
79179
47007
36451
61393
12645
62877
97305
86317
88224
15872
60525
75706
6584
70929
99100
69052
292
31866
18728
81178
47201
38996
96591
47507
14205
87284
75958
37307
94272
96069
40768
9964
19236
7767
55370
88271
31036
25529
94439
84827
78728
47004
45749
91022
3951
74739
34419
17440
36578
3496
51785
13972
56904
88524
85653
45488
37408
92894
23381
52557
76205
47317
91908
78605
51730
43942
57368
47760
74093
5944
57989
26357
19952
8645
8458
81504
4108
12089
6590
31957
11158
26938
44344
29310
82701
98874
85852
11427
99170
18333
96362
88317
98832
63274
16433
25794
13068
50960
46140
44143
16650
85328
6455
53532
26869
39860
23850
61922
99741
92034
86738
64624
73860
58771
21075
49803
84133
25304
11047
68087
70145
81376
77554
37451
8700
80874
67146
66824
86415
48803
41280
82664
54228
23694
15103
71267
47180
15631
96889
66828
32705
20607
98115
61289
88095
29979
23485
4144
35697
91238
85023
18483
21633
22025
96951
6876
19925
96646
96723
43308
46426
68224
15369
81655
82942
25794
53588
52253
27234
52889
22210
58855
34527
52916
12597
48499
33176
75210
82937
23514
80187
87040
45191
77890
12063
37625
32789
17863
31812
78305
87710
22031
60767
7983
85610
99840
97863
91443
96123
35773
30563
66504
51110
81863
86386
62832
90803
9493
3091
79831
11644
28613
55633
82426
33150
7859
96413
79961
82320
81824
54341
97262
11782
3851
25323
37426
64219
96252
61415
24337
44205
6553
98001
47958
96498
48220
45115
93598
31856
63112
67878
52589
44116
38032
94001
35118
94358
76064
31565
6626
5389
1385
4309
40567
50333
13135
8006
64077
1930
76784
46642
79880
76532
60776
81700
13982
59877
44451
96127
76685
95365
35486
92432
17030
71012
13501
68351
66721
58621
97325
80189
56784
50879
90116
63329
56626
29012
6120
27099
61413
98415
93583
40908
43950
48672
44661
88257
53269
49638
97798
20385
52238
8945
23160
58364
2925
12862
18428
59179
81441
13122
80020
38943
43907
43972
61261
33742
476
91176
7747
50809
74000
30691
66595
14765
92478
53749
77185
80944
78345
10859
11808
53165
97930
56842
24095
52436
82865
42491
73466
96302
736
50046
39555
49052
94235
61607
69603
31689
14258
59926
20715
27646
11372
8552
7093
27390
59684
41106
48985
35506
53493
10607
73997
74499
18249
64407
5710
62305
82514
89671
82951
34840
5737
68527
28391
29804
96951
28440
72544
52924
93509
60518
4083
33604
60193
38320
66215
88465
55360
44323
87758
70549
97142
87625
54137
91171
61603
20519
61432
41377
22182
50845
32536
86070
29112
91826
25389
68784
42098
92184
29593
16735
94772
1676
84090
5872
62785
29953
65584
4534
21514
27217
14026
22767
12120
36550
51258
33428
20897
29618
97602
32762
67564
33185
49889
22574
13772
28606
53190
14572
66526
72013
6530
64271
76201
63462
66277
27107
35919
30446
44924
54301
60185
92439
91500
88677
55390
90260
26803
79695
31907
63304
32902
50331
42232
42455
30811
21676
26302
53321
87705
47789
40696
7314
51983
56186
81739
68314
40710
12281
22804
21476
7386
35027
93396
65763
48000
82081
54439
92066
17851
62567
26077
5848
6412
40044
41970
11430
73964
85159
53156
9604
78289
36254
23691
84226
36543
69348
55616
39420
92912
58003
73209
77465
28685
32249
36989
47357
48821
8882
13819
19982
95468
40078
79507
55573
40376
10002
27545
53556
78314
20055
48954
93515
79925
30793
87215
96905
13385
87818
27856
47760
7663
61462
57306
33459
58306
21499
96775
48008
30681
32188
86971
4452
79553
70668
22449
33956
9227
88074
83406
24868
92276
72700
44019
1554
23425
27167
33377
20969
45409
2744
11463
95819
715
65448
40786
75688
11209
6102
35588
42311
37215
19095
42019
29643
42807
98685
74417
37157
79545
67811
88903
7223
25357
66735
6951
19390
46835
67282
45975
5329
97899
59772
24866
4452
27395
75835
11662
10705
91946
24475
25526
6792
26430
59115
12647
70701
93958
47248
52086
21722
35200
10123
47474
55009
3898
39358
82911
38834
74220
20623
78908
71336
89347
55721
95126
900
17998
79104
23524
59617
9999
91385
21251
5725
11779
96035
44269
73740
49441
22218
65888
49473
82654
25278
54225
47694
15465
9510
22456
66271
83974
36846
9949
14568
75248
82894
3364
59653
94017
38632
45474
56298
59666
49907
76669
48296
76242
20157
67549
36869
39255
65336
91264
70864
2510
28609
48873
56706
58797
44426
34726
8097
3988
73553
26112
41997
15890
58193
2745
50835
12239
36342
13306
5348
84718
46142
66975
95581
10011
92905
95790
29277
54352
40976
29242
48888
58979
50541
67671
81894
5877
50951
77701
94366
55387
45721
58970
37950
12657
46021
19450
56473
21669
23330
97883
92738
5495
47740
21769
50396
11011
61063
59928
89647
62367
8841
1497
52948
67944
88189
22970
31299
29194
3696
33798
15161
33625
58671
87110
87233
12114
91646
23814
34944
68246
60199
59387
6405
93123
50588
25092
84866
44969
39746
51648
50420
37335
41382
92483
55748
71200
23312
85146
58246
68776
27555
15333
61354
14349
12718
84810
3357
63656
44456
72311
88930
74589
72381
82226
67370
38365
1085
16385
26725
55212
38219
48102
9960
63092
79256
91622
89743
8435
64381
8169
51919
63318
63750
17839
19362
10514
94958
94175
57036
97517
42932
60115
76737
9713
99870
12885
59417
91985
47563
64774
76869
99493
51034
5865
87374
11890
69335
49750
38298
83504
62246
36564
84720
96958
54983
11819
12068
43648
80682
3937
38660
91993
69750
28032
20416
56889
41564
32025
10128
73616
56054
70164
79591
60535
45765
75269
34135
87364
58859
3177
4866
69655
44770
39239
20488
94183
58651
16287
7862
91615
75551
30499
22180
58750
99297
85768
96897
46056
69108
37060
39391
82908
27296
81370
56963
21616
32246
40357
58315
13192
72202
19127
41844
83588
67564
24588
15466
87743
59542
74433
57131
19820
27417
15168
21149
14637
74829
12952
59337
39574
6287
72464
84863
13273
374
52849
13819
24025
84031
74417
5019
9718
73244
37252
2285
39766
47666
97643
32192
29725
75910
16877
59593
42331
41833
59795
44208
18915
54985
47542
19787
7717
4760
67170
99454
97795
53376
57300
97992
85900
92669
28322
51959
1415
2026
64750
73008
73465
81742
15444
24210
83951
42297
91059
51044
16376
43549
85237
38256
56457
87809
49384
81834
33013
95467
90152
39295
16035
1257
32978
94782
79779
79825
50501
7725
56595
79521
40101
30058
47974
69413
11703
67697
13460
82899
98155
50448
99900
77313
5008
51578
32755
45261
95380
37553
57013
46220
80843
50482
44787
88687
33471
95558
7919
64955
96237
7675
45626
73597
88760
65747
46499
86202
77669
26298
64484
1874
1334
4529
41642
36137
9791
65983
83131
41885
4282
39440
94769
21335
36080
51879
38688
99077
62570
83512
87227
60481
101
91165
8323
46328
38722
15838
3457
14712
36998
26541
36319
66518
61068
1899
92971
71745
91953
12197
66319
53522
11526
87606
58741
51288
2044
51890
88337
73896
45583
69144
95653
68736
65222
40207
92012
51314
62013
7491
75244
16182
89161
9614
22471
53559
50670
76984
52287
55064
72285
41670
30296
37974
82674
93729
58632
34772
39436
11589
41830
8417
42711
50068
90631
10480
14778
56048
1535
25049
46375
32594
51662
29217
14380
51239
9911
46313
34947
39603
86449
61332
82848
16043
36826
34406
50438
1307
45837
39834
29822
32925
44104
69958
44721
22931
22012
7060
34081
68901
14369
32947
15188
63778
40852
85125
35678
3140
26139
64091
24699
14341
13177
90651
88838
49848
27447
94190
72071
54339
3224
39810
84497
8833
16735
68033
35228
4834
65972
58468
6870
13370
12639
7355
33828
94404
17360
81091
1233
62661
27557
93641
20325
53340
63507
67505
20543
61035
66831
23204
40616
9185
77044
27517
16619
33932
79228
87117
64887
64206
70582
2788
38079
9793
29100
19398
87847
22110
4421
48690
70871
72051
25539
77720
37983
86373
61751
40819
38373
90253
8915
4574
6296
52564
29864
38654
99517
4991
90592
89830
98246
40128
21799
78477
24933
14584
44876
81116
89531
97221
75000
45563
98442
91092
37013
75528
61076
76910
52955
39839
89767
9041
22997
35791
78952
21421
47041
19972
57628
4871
53471
61053
64588
187
78164
83682
42882
57440
94371
16474
49555
27492
35107
99460
85403
70206
18993
97026
1123
60251
66840
98068
39505
48845
73854
12063
93120
4259
97228
52470
57141
63577
50111
22227
77203
71158
40886
66677
54075
52404
37994
27556
12985
91300
60989
96569
1507
80387
76579
38158
22074
8914
99718
44608
91026
82333
41169
82987
41564
74327
91183
88206
69352
56954
92560
10847
93735
53843
65332
45176
53834
35189
81765
38475
44362
56710
22082
34434
95403
82141
56413
89034
20354
58016
2725
22993
16078
32119
78132
44471
6873
4246
82268
23761
69376
29244
63970
69808
3469
47936
51982
54379
84992
71780
28032
95560
64111
37549
59193
21214
80072
4081
2352
14048
15650
91052
1880
2908
2449
37632
86732
35877
82041
21197
54850
20163
15192
53121
31923
48888
99877
18199
87296
16903
29980
35093
70099
65594
74312
24996
55943
91171
51805
77932
39331
93064
77071
14254
94167
83991
56955
39868
93154
9764
43115
32457
28984
71884
57860
95879
7437
83409
71640
63653
89900
26737
88432
13270
26318
70241
60157
14971
45906
85275
97233
8487
18992
74255
2907
13587
26307
7260
2531
97122
49568
72118
13
99984
79321
89200
948
53143
43932
74833
51372
39081
68975
90884
79273
35242
92445
70978
29811
93736
10604
30812
60418
32644
7330
26875
35591
20730
78032
59178
6308
3772
37525
99155
47467
21435
12998
9393
49505
7322
95249
1298
31333
13901
85923
40443
71437
71158
91131
15777
331
71924
89557
94441
79926
41830
24706
20244
26974
64316
79842
61502
21427
79615
45059
79818
7161
34530
25714
17095
7865
40743
51067
5208
67974
61468
2082
33416
61181
67098
26100
27428
20373
70460
43808
70865
33732
9637
97450
6577
69117
55726
45295
63574
21128
23272
70802
43387
6535
91471
46125
36772
92639
65333
66198
24744
8522
94484
17366
64748
6598
59964
21053
42148
67992
47430
50495
29417
47880
2785
87030
83183
50139
38029
96692
37055
19836
35319
87108
18825
19524
72708
60442
46095
66128
74835
72981
59537
12199
18269
70223
27170
47163
61648
91167
37630
351
26807
26167
9406
31470
67979
80663
93220
49162
85360
41439
70854
87939
99964
7076
37505
477
68713
38182
36661
11197
72104
68375
16566
76938
54381
51624
84505
73721
87241
91744
26721
73998
13227
82961
27282
95303
44397
63079
53675
24332
55404
35594
22843
41139
41940
44791
31170
46907
95233
35472
67859
39097
48757
75703
20803
74841
75482
96061
60969
3419
75126
57276
58350
1198
61607
91785
41242
10606
5491
66965
33493
16798
37300
59318
84771
73896
46247
54481
38857
89156
74897
2957
93635
67946
99795
55725
48088
11717
46541
46242
4432
80867
58968
73858
30197
21445
60203
68167
89569
7881
92236
67043
44997
47726
63376
53587
14349
8286
42523
7947
28462
98809
90998
40497
23539
19794
9448
26601
82892
89390
40457
84275
79144
60461
68754
57287
44330
28658
77315
96644
93514
38421
1248
48955
8033
98182
12555
17159
15339
95624
99652
6512
50804
81025
77911
78149
6910
93462
9710
74818
14268
2222
67650
91510
74565
74348
27311
42879
63512
682
28827
13953
46398
16235
77232
7385
12248
57099
14514
71600
8831
203
94756
8019
17957
290
93860
80491
73257
57655
2451
29553
95617
86631
73252
97340
91640
2153
706
65575
64017
20112
84227
55622
73503
45944
84486
71982
88552
73638
3620
91818
61473
19942
73913
8661
48823
88170
11616
32777
70611
50451
70134
95183
82925
17003
70555
87304
71289
60344
56413
47097
81684
37508
44044
30160
22906
33187
77403
2074
93651
24817
71611
28229
47849
72917
65786
42544
17417
97832
70773
86527
77636
61127
95777
87392
24415
39886
57912
50142
14258
55615
50669
74951
23640
66076
51508
2382
67728
26811
86614
63987
14702
32377
31079
68437
11225
60304
69725
47647
73387
70727
98512
95723
49337
75933
96372
47847
31005
18030
87777
23317
19389
59522
40417
86286
87926
89156
32518
62109
40379
94005
68683
57600
38677
50081
85091
93990
82604
76892
77730
85362
56282
42207
48867
93407
22250
87414
5556
38737
39646
70201
19610
45
74244
10374
5673
27182
16107
10833
52751
72193
4390
68290
75975
24591
82077
34424
73910
2686
35472
61037
5249
77052
29495
34851
45039
34565
39623
71081
99425
66232
33487
81860
50917
27716
31444
19432
75608
75780
24556
11898
29829
32343
87649
56307
49299
98266
80068
32233
19780
32920
94187
20291
96921
6978
25934
77575
2966
24818
22225
86211
57501
47301
86211
6267
71859
72291
75036
85758
58153
92045
96701
86400
63234
66131
93207
7498
9864
36506
79709
614
70543
28086
8909
48500
21457
21412
44917
59334
686
40639
49353
33575
25602
85170
50466
78021
75841
47663
22693
84894
83804
39298
72582
83902
32252
22279
52466
97963
11063
20275
18553
94237
63930
84450
4772
51782
20332
76835
47019
39782
32112
87686
41773
39845
4054
98533
98167
29008
16812
79886
82688
79707
84498
2136
98122
86431
76779
50202
36089
9689
15127
74528
94043
89674
68638
77432
193
46531
31543
38417
22486
79918
4112
16926
64670
98090
73442
57564
77077
73094
73858
70783
40400
61312
28369
89753
19667
53699
87108
48504
62115
63694
90838
85592
44393
36084
59187
78220
60524
86925
36158
69534
44431
24728
18150
169
92017
44629
77471
95171
52254
50022
46892
6904
63160
63136
13805
4911
23336
94854
15699
56273
19549
71859
34589
6732
31986
67526
79432
87748
91023
91596
10558
47883
29148
18439
83749
90362
63863
53198
60397
96882
45544
59024
64350
26176
95673
81561
48432
96647
67766
69002
77238
69222
34907
90462
56704
92356
59321
52310
11169
46170
37857
33207
31692
18570
12828
20344
94661
10790
39964
72343
72919
52210
89802
51647
14007
80776
57343
97560
79276
16783
15371
72415
1019
40242
75762
52958
7282
97581
68428
48137
36840
7181
64496
73126
20801
78594
59964
10171
28709
14790
15655
37510
54515
99195
97751
17219
20306
50577
5214
91453
4076
95519
17805
33575
79984
33003
35062
97165
28478
93844
45161
62980
65127
77011
164
28930
61675
80393
76560
32141
469
36602
56198
26572
81616
23117
10197
32050
87489
17347
25204
17844
75992
47653
83762
91250
99630
26959
12556
56299
85830
80863
81646
60253
34183
22196
17825
65569
77728
65107
31485
19909
8705
42129
84591
621
98644
58353
20414
37540
19453
36447
21053
23445
54719
81779
96912
36201
65681
15448
93225
93016
78166
86074
60538
70890
96473
67839
48917
95678
80788
9495
23463
28140
94743
75219
74760
67804
85613
3654
21171
40131
23995
47028
52678
68282
18535
2691
60052
39479
25271
92494
18026
2312
19632
15280
40310
13303
37418
1024
75715
18193
99102
53056
95647
45252
8881
31701
53604
75818
47873
3083
59232
24773
53578
19471
72908
72738
61833
49168
93718
71095
61629
14733
23204
83763
4426
54672
48671
43578
68463
97484
68752
20819
73729
13589
29395
15510
53701
57035
8243
88226
26651
13176
44116
26020
72724
41780
74657
74306
64323
41564
64563
4492
76260
90327
15835
65903
40863
15232
88384
39263
80937
86620
23566
96500
44508
69095
62981
61365
81037
49555
33025
1330
39247
76341
20124
87529
10575
9075
57826
81334
39773
33796
3532
32707
32442
75038
6167
47183
74230
80366
35806
10301
72169
14026
62136
45545
67581
36854
16601
55346
72316
51994
80971
27622
71658
60785
66595
18664
18218
55082
33789
94869
19338
75217
98140
21918
77385
85472
43881
16900
64216
26766
71683
54896
28266
26264
51076
21380
27102
99686
52703
23063
2116
11882
63285
41039
7133
56194
65916
29526
67341
41631
62220
67772
43133
65447
85020
72616
98114
89395
27823
13142
73659
29163
23340
92139
62368
60856
9345
52923
38115
54576
64370
41511
70430
57366
90351
86933
1357
73019
53302
13334
43807
7861
95126
36799
87374
11159
50146
70191
32956
4779
93914
62533
79802
72706
95924
18911
47883
79394
99519
43248
7214
63709
33138
97939
67803
88111
22930
62328
27253
74295
884
18518
76002
44125
13795
33704
17404
52628
54744
32190
57205
6667
81205
23364
96202
405
73650
65006
67314
56965
55794
80061
80349
27614
5199
75493
24992
75582
71743
19793
22995
65191
46983
3666
24225
69995
49266
18403
10890
86701
20519
82257
8460
19508
10740
93625
25448
82669
92020
26449
84963
7496
13830
46493
32674
3415
11722
60283
20712
39272
50363
51499
20482
18174
27954
1566
88147
75146
46476
6121
52996
17852
87716
84727
7715
69116
55192
49907
24217
80950
16667
85577
26727
4313
47638
1679
43653
1271
49085
25576
50335
13749
51306
95346
12873
57105
81632
34276
78918
10604
47499
45592
81411
47262
9808
94939
96931
41433
64414
45908
44066
7261
1070
8415
38583
93233
24161
85590
73529
60846
3514
60054
71160
8716
98385
47821
86021
13475
80095
5539
48655
41728
92878
99500
46255
73446
20156
50174
35330
99671
53299
85055
82088
87799
47194
61640
32631
66979
23794
32866
97138
88679
48494
63195
61638
7571
94172
84792
44335
641
54747
15065
20560
99757
65373
55722
41307
61109
74348
22951
29130
123
69807
59052
8765
61159
40522
49185
7227
90345
47716
81217
7797
55535
80153
8598
92217
53805
46410
35362
8640
81996
50657
55323
84246
99535
27084
9230
56101
79237
78030
99005
32302
55012
80661
66517
15712
50029
48371
65265
97413
97434
2707
77851
60150
6042
57910
56486
37804
57213
81964
22461
42945
65252
14237
29075
58729
24066
59048
53544
17567
89537
83213
17556
37392
10033
24636
65652
54899
34235
7121
76329
40302
5229
31719
34939
72758
59601
62579
78692
9997
33119
6712
29311
45421
34592
69712
17662
29772
2698
41106
9508
71219
23047
29759
76497
78259
3256
49093
75706
77134
8683
57536
63514
10059
91833
41284
9410
62237
95067
48422
61290
49456
63072
65498
46933
34820
3662
16063
3831
99878
69410
54281
53187
72272
45681
94556
65767
23266
87881
82859
92559
95606
67461
75826
21880
30901
24627
15833
42441
30223
51472
87335
55574
72328
47059
74043
29896
95354
91206
19403
89596
21212
28853
33029
40975
44462
11544
85733
84092
13092
90705
65644
8461
34281
42100
46007
23623
6763
18111
41547
95941
16895
12402
80310
74820
43363
45134
55222
91357
30061
2052
16
48520
81973
15461
59895
44090
13379
32004
80698
1098
77344
69176
1467
58600
1797
96902
68397
37960
57926
43280
2292
97026
26864
93467
4645
366
23501
43594
89989
156
31973
63968
67234
23968
61805
88627
88409
38521
95552
50341
45030
27974
65573
79201
36330
52454
67463
8128
60982
48839
69994
1935
99775
34885
83909
66587
80438
66409
75592
82095
89652
51906
97496
584
27410
96667
21700
69681
46382
8177
66577
97043
31801
39647
95865
54781
50536
64046
18000
30979
57527
48205
2846
3096
95531
11267
11942
30181
36841
56301
44105
30696
37480
8361
80764
80411
88112
23238
550
73783
22947
15452
13200
16874
30492
51204
35650
76901
95934
5424
55809
28525
78585
59354
74934
44329
94783
10741
76212
31108
42696
6793
35638
7369
59273
99480
1974
51050
22984
87505
69975
62258
91870
33500
47647
15178
97990
45358
17799
83956
84636
82632
85390
81330
5047
9304
39523
54428
16308
92931
98583
56107
35702
78880
37657
4209
7719
17550
49285
96696
24898
49340
51490
28428
34560
78399
25125
62192
7657
61037
60085
62319
8000
50594
64182
81035
67718
55303
84473
90166
20757
97804
85446
77492
33618
21471
49990
68889
24397
53570
31777
11637
51850
66866
83202
16908
36011
50670
1864
14961
39027
61172
48859
95202
36434
31828
38925
23398
41979
86054
44591
99635
48325
41942
52581
55885
84477
68419
97155
81488
87344
49246
57594
40654
32874
57867
85151
13878
24246
79357
82401
39837
86487
13139
90497
48937
68093
13844
80828
41888
48454
64765
18183
1374
60012
36061
32332
98585
24179
37210
90469
23801
89140
62076
54180
94148
67383
58085
11628
85296
34644
4121
24225
88866
23334
268
34676
66897
53459
58270
15334
91877
35480
57891
7849
64709
24228
13033
62615
43946
41329
78162
47482
46579
2045
82397
94298
20058
9734
3721
46340
84762
19496
66861
192
57189
38897
79282
45387
4789
36057
66457
31837
73623
13139
48543
89740
73320
82073
37573
63665
86706
69975
56364
81857
95429
45837
18603
97522
3106
71937
10503
32211
87149
27045
79754
17385
38928
52316
87921
72564
68848
58572
47076
56938
24128
15785
37988
6191
93284
78723
9733
89686
46045
59596
92054
8792
86681
22779
58811
26454
93212
20596
48291
63842
86341
9661
90324
94402
53437
91083
12440
2919
84908
89927
51541
78597
29386
98902
60239
3268
22784
86855
83512
39543
7035
4891
58502
95283
45224
24766
34279
67229
90274
56540
62121
52384
38221
78092
80517
83124
57542
65911
9741
87193
11369
90599
66148
57130
28032
60481
15203
35279
69261
95069
3240
62508
88819
87892
40578
63178
41522
83841
6894
83594
25386
9815
68900
79245
26562
89306
85099
6242
27141
85026
47242
77355
41289
83740
1088
50642
87161
23291
7406
86618
35395
93388
82374
86357
76687
5266
93428
42562
45596
99977
43719
24770
8615
67210
43927
70523
11578
66926
75126
12052
52050
81630
33238
3530
95166
81223
48518
94597
44288
1869
7986
37741
68675
59467
90337
66487
97085
81764
80425
56480
16915
11372
22539
32556
28639
30836
68390
49795
10640
33943
91723
22759
80557
40351
78889
49526
12944
54938
72230
93093
82916
26568
91160
88718
14918
19718
78732
98614
70260
51017
78173
46680
93845
82817
74506
77099
46382
11204
41444
96449
70871
33791
53530
26101
3862
56390
86306
56835
40763
82177
58923
7141
55455
99184
512
79317
50242
28345
28466
29764
30358
69329
59022
7667
8006
94449
66542
74839
39128
10451
30709
71882
24382
11393
33288
18663
27926
40555
56645
77351
32440
600
4859
43585
90820
12006
39018
96072
96273
79949
62346
24100
86000
59823
79190
25910
55751
235
58093
58143
30294
52735
46559
59280
49103
76682
58431
96084
51319
29151
74104
89203
39439
62021
3039
34260
23702
59099
27468
62685
98783
4190
78749
50903
82014
83689
61537
15107
34326
27070
49788
44952
53976
65337
39325
59374
75721
85128
19418
87931
45394
57510
15129
33591
84117
28118
47280
31857
97027
24985
33969
47063
81187
19826
4298
7994
1620
58777
72176
41971
51241
51897
69897
78898
32110
71040
14162
89302
52112
64226
46275
81305
46997
40622
79105
24633
98658
21695
36620
36046
7051
71880
11458
69583
34540
9806
46925
45242
65870
50748
78505
38428
57226
66
87863
9316
90059
30005
80901
72523
61053
22802
27216
95906
81721
70670
28153
51292
27590
11786
30055
34010
49583
74406
50183
87192
18409
54371
4138
81572
21456
53331
42393
9018
87201
28124
82471
6475
90257
82227
39019
28537
98627
75151
16509
34790
14469
87470
34106
19246
82663
62807
31138
42276
55034
29050
31132
98626
51112
23832
503
32056
39438
19261
81392
30823
81976
91549
59436
25211
47567
55666
39531
6180
17026
61668
99264
81890
37113
81191
20059
86679
1424
83685
70368
61271
61016
58526
58632
80455
1988
33167
79214
12448
41109
31272
44826
77565
72896
40598
76623
54818
49473
60047
57870
74464
66991
25199
77866
41247
1212
34587
95541
45405
46267
85636
34622
29743
34351
52984
88609
8961
18619
57976
14151
92177
28051
28593
11960
99993
45704
60578
67814
84597
3268
75287
42252
38158
80296
263
23077
91385
30863
8571
14294
93559
81325
33331
93814
9312
28262
44588
64980
94049
86612
36711
67178
93721
80153
6430
5175
83095
91788
57676
20550
76651
78495
387
66692
85362
9828
72528
35371
47272
38731
868
89671
89967
76637
24876
51435
23716
56670
26685
6968
97137
12677
20394
78989
65047
8336
86971
63599
90094
17020
99433
87721
48999
60849
42549
99681
34496
26811
3153
24121
20909
30908
51859
31015
40801
83603
90201
98500
48123
13379
7994
95991
67035
47811
57687
97655
22936
61812
48672
50249
37289
83527
69983
53491
4769
46449
31378
34204
41277
97870
51389
27260
63794
18013
33143
47890
93753
3269
10768
12900
85142
61710
31813
8826
3777
83391
34044
53187
29166
50360
1172
66807
51081
98728
40754
507
86162
44291
27215
8317
90688
4596
30145
53426
91076
47278
16876
95296
82238
55151
79925
77217
91346
77882
7037
47003
70142
73273
25489
50080
44750
40642
93968
94272
55761
87006
95367
20244
71690
96253
52548
75655
74581
72931
35950
63727
4933
9188
75857
40354
24226
92542
21291
62001
87618
79215
33301
4803
24770
56423
91034
19561
27101
85323
37206
93577
87877
39256
44359
13022
68944
60610
14804
78326
99745
13319
91523
56555
7497
9349
56979
41677
89893
59534
16247
28587
26165
23067
72143
60781
32399
24255
36033
86239
12441
86196
46799
31224
58863
80317
48771
83846
76441
13321
63777
43676
11727
46072
74618
48109
73619
40782
46051
69740
35244
13481
24408
7614
33240
35089
7611
36386
57100
25144
1483
18857
4797
69036
56133
11394
4056
20477
68417
30825
10234
65496
17840
96381
83093
74720
14098
52943
26786
28341
29731
62520
30475
70556
51069
53034
60817
85351
35344
83623
82967
78887
95257
13391
77611
28826
62688
6551
48891
89380
36154
25144
43044
77276
68005
12576
18397
40857
6793
59242
94802
87955
27622
25059
46100
74187
7219
80221
74154
21004
71675
44063
35087
518
86256
72635
25358
20829
29071
44449
92307
87220
85098
68027
65825
16522
11811
6176
55124
77040
1787
97834
61100
58436
38785
36947
65564
11358
43044
41648
91380
35101
66723
4926
51927
441
91727
80749
82703
70905
39740
7869
63443
94645
91506
12447
79045
73653
86694
78481
64661
80691
96732
3826
62926
39224
74709
7488
66143
63058
7844
47581
59726
89307
91260
83827
80089
42393
45298
74635
29175
35785
91511
31900
90343
56327
83924
4562
22631
22946
89107
80363
76806
35911
64996
37382
66999
68088
32047
30058
20231
63492
30535
35370
86290
38797
75867
13892
29298
10226
5269
17847
89592
88357
82871
76847
930
96947
54411
70682
75606
76135
93207
30089
63286
53814
51218
5147
69321
53539
30885
83729
85635
63115
12155
68294
35706
13202
90791
18160
29506
95296
25582
63294
25389
7502
82940
2680
76044
22858
70122
35251
31761
49127
17258
49393
78922
43507
42767
84224
25366
87220
54328
47259
73486
48887
69156
10213
72633
23396
45453
75522
97248
46731
93106
69191
88810
25020
67834
89731
32961
58931
50590
22333
95910
85043
39156
3269
48627
44925
25312
34117
81197
20737
98318
29621
59742
64912
68389
39852
22792
39298
6492
82785
91110
29294
56021
10915
57060
71122
49150
43017
28684
18916
19937
84799
21933
91319
24776
92384
47915
34736
22230
67844
75453
47655
62175
56813
71748
95199
55911
47051
38452
29527
92190
77126
10409
68304
4260
81649
49553
48884
92068
31819
61478
23391
85127
38771
82593
22150
75398
87699
41093
24915
77160
17620
90450
14897
45638
799
31131
42719
25879
97212
53691
21620
77529
72563
72907
81594
16143
98258
9195
73856
17191
34654
43237
89116
28310
65478
53244
56599
84381
91063
78217
70115
95157
47044
82844
93630
54766
61624
92415
95432
95369
624
81118
77916
22195
15986
50489
29489
61109
14883
17565
88673
36538
73284
31581
83076
70976
68756
9806
45111
82804
91067
17948
52078
89202
84133
62721
69888
26000
95485
74346
77713
50097
96867
15694
17547
25040
15145
11721
45001
30224
86428
97975
10016
7931
98825
45007
25327
87698
92038
2967
73778
84067
18466
51707
329
34962
70480
62598
59029
67734
87699
3074
88688
89553
27603
9659
30504
21513
13294
91250
76123
64473
43666
60663
86353
98205
45030
40177
35838
86551
27956
36377
77900
19417
98657
59134
94699
57593
81875
51417
52271
93932
12108
60750
57033
27383
81778
66713
32017
87670
6527
34092
76185
62764
20365
9535
45162
94543
84574
49993
7856
14947
11395
71348
29476
16564
52752
19858
3579
89553
79495
18039
6067
88696
45015
90780
95635
96002
7659
1517
61338
75499
9902
12846
61504
7192
66026
34799
65175
31885
89452
43881
67817
74607
22218
44050
41931
69884
36025
35956
37557
48198
41412
70902
26030
45848
27862
11314
65503
41575
7744
49338
39594
10962
3357
18583
23502
57621
50504
85135
62916
40854
9077
49567
99283
4841
55297
52800
24047
32445
12100
27575
17100
96903
26530
98151
77505
28213
38614
12459
87894
38767
40011
94532
15580
30719
48769
76264
86559
21119
30340
87856
9533
7231
75130
16985
35281
29749
41069
77057
47673
68594
62491
55772
49837
69580
20539
11001
75634
69230
95484
41131
5767
94073
81850
56741
26007
62985
33266
10445
72734
28273
59744
25923
55862
3150
30874
93702
88988
52543
58374
87867
18218
36481
57472
63946
52763
86659
53925
3856
72095
17453
89597
49727
82134
95609
78176
82269
2885
48530
83110
25804
6440
18698
87127
40982
63894
6018
4809
84187
97094
98946
95953
46534
37503
67373
9491
22124
17516
75891
65619
77568
62041
66502
72796
58986
49947
88707
73904
77412
89050
2751
73822
83071
40708
87009
1933
36446
1714
42407
7798
82189
40275
18884
47359
89893
68403
5886
23308
26173
84503
17537
10052
65409
76442
90733
98838
1878
18644
36385
15918
87672
59204
93696
60703
20453
88654
41725
16943
57095
30537
66131
98897
15118
91333
39884
629
72051
89276
74665
70452
20681
61105
43784
45
51591
81573
98818
20090
38621
41938
59689
38279
6866
82677
56410
28741
22922
35042
52129
94766
35058
44978
65280
73149
37458
93575
19151
29637
63797
41337
6040
39184
57176
19994
40165
2157
66534
26184
42757
18339
59000
28246
55107
58505
75545
43109
54644
49461
45969
64686
32005
53536
26333
92646
24876
89663
68787
17832
27617
69523
32802
87786
41776
37641
12943
10081
58063
54903
35325
46494
2856
12044
47097
35494
95916
52181
42524
37617
13768
46734
74188
74665
50332
66998
74005
58557
48606
15547
57140
45471
57982
82849
16512
83715
97328
94449
88563
1505
64457
33640
29740
27356
33966
58554
26700
5648
55684
19412
77154
97054
75454
16676
36755
60259
17331
32977
83413
63554
84796
50747
49414
49896
72766
51295
5383
32202
95650
37370
9358
70835
64712
46679
2251
96506
44433
11554
39930
80392
79003
20809
2047
32577
77118
10249
38194
29474
32314
37774
7966
44993
7315
47141
98825
50459
290
41296
23401
1614
15050
46042
31082
2471
67872
90916
85590
79074
42385
94806
24298
46242
80211
86668
57490
40884
69468
73762
63173
16687
39047
84961
28102
10702
53520
54816
65399
32732
18148
36167
57681
44644
72366
64717
74201
45876
54013
61595
81558
29292
88932
10369
99649
55399
8973
74007
1108
44647
51948
86758
8858
2450
75946
98382
48369
34713
65030
4356
78262
94769
50296
15785
13008
99425
47442
3946
13882
26505
14686
1524
65076
87605
84968
53124
71820
43187
45221
44227
24560
41774
72336
48347
27634
34500
74996
64358
57956
89995
67400
22021
91098
40473
88041
39171
66567
20814
62746
5108
6687
15886
66333
17021
93330
13712
7203
43439
82404
98484
4000
83603
96132
85363
93642
88650
79204
63666
77369
16280
26938
48556
31974
87790
12516
55328
68236
70911
14975
40388
52182
35983
12812
27841
59761
57559
75303
60243
56817
47230
14193
1155
75258
90025
63887
49763
44207
96098
83804
64852
83414
87411
4827
74343
59580
48108
16605
64348
24547
34184
76316
50156
99596
27115
92728
90034
17313
95159
48550
8458
24985
79041
7791
24368
6273
60804
11211
85435
8833
33691
51258
42323
31575
77529
2043
19531
37659
62425
98155
37272
57975
65736
16734
60979
76487
28158
31823
7772
96734
24257
19070
14421
21069
76539
70223
87567
17427
84922
60532
16550
75413
25169
46323
63441
55429
35550
7148
35590
2865
81872
90859
49933
60395
17364
77107
98818
45418
99901
1248
32463
66798
24982
59526
81132
92116
97397
33937
46782
77266
37009
10004
65036
55578
76687
48856
71913
88043
49161
52637
975
80367
55346
36968
97497
31153
79188
22109
3441
8810
18470
4965
16868
36731
22109
56246
19690
20105
81585
56894
34750
98393
92286
33607
16815
47709
40376
76636
64973
99070
29063
46054
96911
61146
38258
25471
12907
80050
55469
98098
78468
77348
15796
31903
44478
33364
30865
64542
23792
65315
48352
91683
41278
94658
4210
19123
48567
70906
30001
68127
82711
44905
33093
71066
3246
21333
88671
44176
78923
44819
36981
32048
89284
82658
47852
96554
16468
25019
42805
56547
54799
12772
83636
2668
59114
70138
61975
2897
27212
10946
40864
95987
1269
33516
47972
13349
25588
73917
38510
52302
21730
95165
33724
67497
89915
17669
75057
54825
15816
87043
86560
79696
40682
6395
15633
27501
66907
10120
7426
18193
69232
30174
22702
90275
39738
36425
17259
81291
76517
37930
9830
27692
31519
56005
24467
6837
99109
13152
58648
49869
42815
46433
83118
4511
77444
84279
88581
96016
22486
55919
16776
52371
14274
19782
52752
31478
54688
9119
96620
76203
99310
74614
9358
50258
81672
91147
38324
19747
96715
2805
12707
90218
28996
22603
22709
12771
93601
67932
96766
78737
70013
49654
61941
65103
26686
170
18974
26751
27634
75368
80959
56675
37219
67806
25421
58893
94056
61063
22828
74768
13616
37172
18060
96958
86467
32442
12365
77906
67622
32212
85066
42352
71191
43006
4793
94164
19300
48586
37999
77573
86489
1092
27321
55118
2926
67349
69444
9274
89314
53086
87662
99083
51629
7805
27160
3359
53705
96743
47868
24117
1796
32525
42311
76291
88769
32527
30044
43449
29554
71105
77007
48678
18512
35857
88888
72391
30380
29481
95309
52441
57530
15062
46816
19071
53252
37312
602
41348
84984
23810
17280
81866
81676
32190
38078
56170
92124
38361
81004
50742
24141
89958
26367
57277
67118
93983
54381
17091
68880
91445
6510
44368
61562
38899
62693
41920
55383
18120
63997
83482
94169
62110
34159
99100
51631
52625
39454
56887
5389
54392
99062
22008
32425
81359
36738
14090
61902
91044
43819
75980
32347
2220
61879
11849
21048
59793
185
39530
54982
93638
4437
17621
69078
30178
95461
45128
17922
45217
67298
22184
22751
42042
72338
19712
54765
693
39386
61351
46545
80135
48653
32089
94681
21056
28736
96597
83463
75560
87767
41521
117
68236
78232
580
776
60156
93174
8979
28145
65486
2039
98661
19453
6599
87305
48564
88213
83829
73809
4473
83659
85479
57462
78905
14264
30978
56212
11861
87002
82874
13393
72500
88786
62031
94744
50712
21423
87981
122
38850
59480
89900
79134
58731
48089
39679
36916
45556
79486
89563
59010
36372
13691
87002
20244
63989
93842
38722
19383
65594
33257
9836
30164
45421
82093
94045
31352
51098
49087
51288
18719
73402
59107
80079
39421
10631
96812
86590
46106
66623
29835
89375
80658
1925
66667
79672
80687
91321
50428
43293
9802
25931
30990
66627
88033
87036
30699
84089
61329
86169
42363
62786
79335
95929
84229
75295
54216
90055
25434
22757
44628
2362
14699
64530
49931
29386
14233
23742
19964
83389
95506
96184
27580
21051
85468
93627
8231
69827
54870
97116
27528
33248
62419
72220
47850
73917
29586
45025
88984
77646
21907
6596
72332
79261
46579
61040
19885
1924
29104
33464
66721
67856
15140
27435
1944
11631
51661
85730
81816
29332
87294
55751
68254
14817
22452
12457
39442
59266
64429
94885
77144
35155
36251
30886
43627
90367
49618
10369
66914
8175
87660
11238
77677
35758
2698
86746
7311
37352
52226
51016
89047
98590
68797
36038
38000
30742
3335
61364
76790
65893
65620
32085
75459
60882
76832
50097
97959
73
82950
50175
48161
44302
503
10333
45450
23812
14809
8896
97160
47847
3207
47416
14040
94265
68184
10635
85212
26688
57438
59221
2042
97434
95054
64308
4783
7285
48939
82207
39497
67546
27457
84240
77666
86907
70844
88542
39225
95814
31998
56243
25130
7681
63186
79770
41854
38577
58875
64734
2939
76561
55209
69262
88976
93648
75076
86040
56369
72833
55823
72697
25750
77584
50041
54345
89620
63940
33774
37206
38384
3566
18556
50541
17929
81711
42495
89164
43774
62326
43398
81770
93329
48442
19021
33971
5655
63576
55510
39378
51535
97931
85882
42924
46355
5202
73497
44307
2763
13138
49129
15914
52550
28355
59619
18040
27788
30565
17700
85259
42919
20922
90598
27782
542
13374
82883
12427
21687
8080
89987
58255
26925
85126
34745
41366
86067
42763
40427
15188
7879
60685
68665
48393
72229
51730
49826
91154
76702
9143
4658
34465
47211
98691
73924
25967
90034
1240
91000
46210
54514
19573
32807
18237
51959
73443
66237
42652
81264
99206
45537
86871
57541
35970
54195
4739
67002
36171
24613
62761
11954
63487
91639
33879
39543
89960
75676
85993
35260
27233
45246
91066
82375
94751
53154
66828
79767
61723
57550
8442
76330
97150
79731
5486
2884
32524
65600
14845
6274
99525
87726
36151
50823
7855
37678
74391
62061
53450
34138
83206
72290
9975
48598
45276
98709
12077
14264
79029
66010
190
92886
25122
34679
74901
37275
41903
73630
66668
84737
7644
71729
73506
76362
70066
20291
3356
87503
10798
10689
88112
42368
27320
44530
68050
80676
30525
74176
38340
82622
86944
48192
12369
64132
97446
23582
41079
30512
39469
59518
66689
43692
99648
15973
90258
94224
69082
86163
20690
51088
45616
88826
59977
38157
49690
45136
35187
65457
84535
96274
40224
38099
49742
24226
32585
7640
19557
15979
28618
7017
95192
14764
9638
91210
68474
47569
30424
83605
14512
54028
58323
33005
4718
45431
94484
64434
35020
25570
14870
37412
13350
42262
64804
55904
17717
55189
3928
63812
97260
64209
55292
29079
63074
62653
67617
38205
48974
97749
59523
16371
74410
22509
91342
15143
88301
15341
58345
2798
81387
47518
50926
36925
18759
86771
8452
5070
72846
12349
70055
5777
17640
94137
88655
60713
28656
56108
59910
22935
8744
93992
8662
79952
80547
64751
67122
49552
73337
2099
8130
68920
56197
30200
87636
5101
78604
71090
87877
57869
9612
19464
26706
40000
55973
33127
59682
75937
24531
967
79513
60692
99969
98592
78706
72369
83591
27484
9594
62326
73560
41406
93681
23525
88458
92665
17475
73076
99624
93245
44510
8908
45741
76825
31859
81986
2872
72105
7470
59132
74306
87832
52561
24523
95014
91335
81177
70129
19518
57561
85248
29191
11026
14931
52598
6931
46242
67489
46753
51732
45078
89597
6856
70712
23876
43392
32077
64213
91869
6006
75009
44118
97462
86966
60140
27384
12766
31764
14052
34069
20393
99146
80085
30033
71255
91631
47105
56730
92292
70007
88182
65039
99668
65883
77275
91725
84495
45796
25768
89355
31217
69484
89261
99942
42939
37492
91673
93739
57977
55714
88139
79562
4921
19126
55980
48287
38197
32724
46371
73502
27594
99783
26288
64957
17338
55167
36932
81188
97727
69834
9186
52426
56946
5034
68658
85174
94996
13506
64151
40499
54432
62088
26910
96822
92054
69600
98522
37081
19723
2978
55671
50797
907
22067
18547
29073
22741
14043
48300
89624
92965
78807
47371
52195
29290
25433
75240
73454
24800
79465
46317
14119
47623
31029
46937
40041
70236
92233
81934
74125
36279
82350
11203
23853
16125
90089
64923
9221
85857
6766
22412
71745
3030
89468
84648
55515
83411
65088
60669
57196
95867
8223
40486
99022
28077
11677
13146
81546
70961
93208
20319
81691
96361
67740
67984
59591
28853
1907
44663
97378
86239
15239
84489
64796
23662
67735
58260
9656
89517
64711
6258
33325
55192
22280
87381
80981
31978
87719
26983
3310
29992
5313
39760
4709
82871
5894
89685
3913
26841
42432
58756
14906
30072
569
13798
11663
83577
88353
28282
8684
90036
86951
80519
85792
41075
19211
50650
91545
99115
84594
41015
39032
75794
99778
31109
26048
92362
91821
29773
87049
70884
42662
46553
15109
10852
32653
13043
27080
97340
90110
72083
44330
72303
18620
868
70480
5493
99106
90949
87701
64408
87561
82338
58506
6306
23803
56296
76916
76471
67524
85893
84591
91733
23087
12792
39519
86418
38540
57455
91475
14058
21031
18352
59077
35274
34044
13247
87927
81694
65025
13264
19451
42436
56871
91033
16044
1714
89407
60802
76282
69559
51671
1564
93254
17159
76776
89201
31657
19668
46984
84237
47137
20051
2084
40046
98979
99720
79967
25869
1736
31714
92079
32426
91016
76254
64271
80321
86889
17662
59109
54212
41572
1776
96852
87525
19899
18123
23479
68793
42202
77567
86975
53954
61760
9730
2821
8733
26143
69280
34544
75366
21541
80545
29265
55120
56722
95932
83026
68345
10042
33714
98302
97231
1890
77670
8299
43813
8369
68583
95409
72691
32870
95400
6462
97346
414
68188
4459
4827
5810
25458
49431
75240
35513
62254
22502
59572
57242
42090
17030
60365
94217
14813
97295
99577
139
726
2690
81226
74662
50544
52162
96106
75777
55051
79952
1805
35089
59905
92157
83554
37622
25632
78762
79900
2986
53303
37883
75891
9881
54524
79022
95669
62961
37638
80894
99254
57847
15253
35715
59197
86441
62957
27360
43189
28340
84494
85813
37952
33408
68273
36236
9298
80410
84999
46233
52858
39849
66719
70484
50388
54011
72656
65112
66564
10750
67774
45178
36040
81225
66595
99785
21737
56140
66581
17871
70081
82296
46830
38530
27849
57194
99970
76336
45066
